2022  7 18 15  3 17.850  188.4242874   74.3851652  301.7189714   -1.8048878   1020.832   1031.037           27104.694              71.671        14        15   142.041229    13.712404    17.050    1     43683      10.141
2022  7 18 15  3 22.650  188.4222524   74.3846908  301.7391663   -1.8052630   1020.805   1031.182           27133.274              73.647        14        15   142.040894    13.712614    17.390    1     43683      10.118
2022  7 18 15  3 27.450  188.4217534   74.3842694  301.7589585   -1.8055251   1020.409   1031.419           27803.256              72.797        14        15   142.040558    13.712825    17.230    1     43683      10.283
2022  7 18 15  3 32.250  188.4192806   74.3837123  301.7792573   -1.8059991   1020.423   1030.991           27382.762              73.827        14        15   142.040222    13.713035    17.340    1     43683      10.256
2022  7 18 15  3 37.050  188.4177247   74.3828709  301.7992707   -1.8067208   1020.257   1031.428           27643.801              74.071        14        15   142.039886    13.713243    17.320    1     43683       9.978
2022  7 18 15  3 41.851  188.4175334   74.3826467  301.8190754   -1.8068180   1019.823   1031.339           24904.203              66.949        14        15   142.039612    13.713412    17.330    1     43683      10.297
2022  7 18 15  3 46.651  188.4151661   74.3819739  301.8393295   -1.8073982   1019.878   1030.929           26701.968              70.107        14        15   142.039276    13.713626    17.340    1     43683       9.848
2022  7 18 15  3 51.451  188.4124986   74.3818974  301.8597495   -1.8074041   1019.766   1031.311           28525.320              78.032        14        15   142.038940    13.713836    17.440    1     43683      10.127
2022  7 18 15  3 56.251  188.4120450   74.3814051  301.8795205   -1.8077346   1019.441   1031.034           27731.429              71.780        14        15   142.038605    13.714047    17.370    1     43683      10.069
2022  7 18 15  4  1.051  188.4102218   74.3809079  301.8996549   -1.8081230   1019.504   1031.169           28938.600              76.035        14        15   142.038269    13.714258    17.460    1     43683       9.291
2022  7 18 15  4  5.851  188.4102701   74.3798421  301.9192695   -1.8090416   1019.063   1030.884           29554.666              75.149        14        15   142.037994    13.714429    17.410    1     43683       9.541
2022  7 18 15  4 10.651  188.4084527   74.3793788  301.9394083   -1.8093961   1019.030   1030.822           28094.893              72.839        14        15   142.037659    13.714640    17.440    1     43683      10.171
2022  7 18 15  4 15.451  188.4049270   74.3791546  301.9600360   -1.8095824   1018.973   1031.077           29397.411              77.232        14        15   142.037323    13.714849    17.430    1     43683       9.947
2022  7 18 15  4 20.251  188.4047227   74.3789543  301.9797817   -1.8096172   1018.616   1031.185           27032.038              70.956        14        15   142.036987    13.715057    17.580    1     43683      10.176
2022  7 18 15  4 25.051  188.4026902   74.3784239  301.9999683   -1.8100435   1018.655   1030.569           30186.075              82.258        14        15   142.036652    13.715271    17.420    1     43683      10.007
2022  7 18 15 15 51.455  188.1738773   74.3100696  304.8735347   -1.8634507   1050.183   1049.614           34942.590              84.682         6        10   141.990738    13.743450    14.830    1     43683      10.076
2022  7 18 15 15 56.255  188.1703483   74.3095152  304.8941227   -1.8639557   1049.794   1049.110           36121.122              81.792         6        10   141.990402    13.743663    14.860    1     43683      10.141
2022  7 18 15 16  1.055  188.1689379   74.3083664  304.9140609   -1.8649720   1049.951   1049.182           37556.002              82.455         6        10   141.990067    13.743873    14.760    1     43683      10.404
2022  7 18 15 16  5.855  188.1683070   74.3089462  304.9340921   -1.8642903   1049.754   1049.392           35737.310              91.252         6        10   141.989792    13.744040    14.730    1     43683      10.417
2022  7 18 15 16 10.655  188.1665926   74.3085383  304.9542295   -1.8645805   1049.770   1049.009           36215.091              88.681         6        10   141.989471    13.744254    14.750    1     43683      10.217
2022  7 18 15 16 15.455  188.1669976   74.3077234  304.9737281   -1.8651965   1049.672   1049.322           21911.791              64.069         6        10   141.989136    13.744465    14.770    1     43683      10.282
2022  7 18 15 16 20.255  188.1618133   74.3074273  304.9947960   -1.8655071   1049.562   1049.158           35659.076              90.965         6        10   141.988800    13.744679    14.940    1     43683      10.379
2022  7 18 15 16 25.055  188.1608705   74.3070463  305.0147155   -1.8657425   1049.486   1049.127           35274.719              87.211         6        10   141.988464    13.744892    14.990    1     43683      10.360
2022  7 18 15 16 29.855  188.1605564   74.3060745  305.0344459   -1.8665812   1049.204   1048.952           33972.844              87.658         6        10   141.988190    13.745063    14.710    1     43683      10.181
2022  7 18 15 16 34.655  188.1592642   74.3057025  305.0544753   -1.8668228   1049.137   1049.013           35611.425              85.661         6        10   141.987869    13.745274    14.890    1     43683      10.315
2022  7 18 15 16 44.255  188.1562730   74.3047257  305.0945817   -1.8675528   1048.877   1048.892           33461.595              81.957         6        20   141.987198    13.745695    14.940    1     43683      10.353
2022  7 18 15 16 49.055  188.1522402   74.3039694  305.1152771   -1.8682774   1048.955   1048.914           30417.489              78.502         6        20   141.986862    13.745907    15.050    1     43683      10.495
2022  7 18 15 16 53.855  188.1531128   74.3039547  305.1348231   -1.8681254   1048.764   1048.997           36504.476              89.988         6        20   141.986588    13.746076    15.010    1     43683      10.393
2022  7 18 15 16 58.655  188.1517810   74.3033667  305.1548181   -1.8685824   1048.809   1048.888           34940.896              87.545         6        20   141.986252    13.746287    14.950    1     43683      10.582
2022  7 18 15 17  3.455  188.1494579   74.3029989  305.1751096   -1.8688606   1048.715   1048.977           35089.856              87.667         6        20   141.985916    13.746496    14.930    1     43683      10.369
2022  7 18 15 17  8.255  188.1489845   74.3024951  305.1948863   -1.8692027   1048.544   1048.932           35880.083              88.981         6        20   141.985580    13.746706    14.990    1     43683      10.577
2022  7 18 15 17 13.055  188.1461254   74.3017507  305.2152699   -1.8698731   1048.438   1049.033           33918.937              83.320         6        20   141.985245    13.746916    15.170    1     43683      10.153
2022  7 18 15 17 17.855  188.1461085   74.3010888  305.2349631   -1.8703946   1048.216   1048.709           34836.988              84.706         6        20   141.984970    13.747086    15.170    1     43683      10.362
2022  7 18 15 17 22.655  188.1445542   74.3007313  305.2550500   -1.8706336   1048.346   1048.912           34131.616              85.898         6        20   141.984634    13.747295    15.100    1     43683      10.083
2022  7 18 15 17 27.455  188.1426457   74.3002442  305.2752149   -1.8710162   1047.996   1048.844           35108.270              85.007         6        20   141.984299    13.747502    14.900    1     43683      10.440
2022  7 18 15 17 32.255  188.1401408   74.2995461  305.2955092   -1.8716303   1048.125   1049.001           34825.880              84.670         6        20   141.983963    13.747709    15.250    1     43683      10.186
2022  7 18 15 17 37.055  188.1408005   74.2997096  305.3150752   -1.8712678   1047.775   1048.793           27557.789              80.087         6        20   141.983627    13.747920    15.170    1     43683      10.539
2022  7 18 15 17 41.855  188.1372824   74.2985951  305.3356451   -1.8723695   1047.952   1048.732           32451.798              80.827         6        20   141.983353    13.748090    15.250    1     43683      10.012
2022  7 18 15 17 46.655  188.1349145   74.2987305  305.3560190   -1.8721510   1047.667   1048.696           35329.635              91.384         6        20   141.983017    13.748299    15.090    1     43683      10.488
2022  7 18 15 17 51.455  188.1339148   74.2977884  305.3758760   -1.8729488   1047.778   1048.679           36125.436              89.719         6        20   141.982681    13.748507    15.240    1     43683      10.174
2022  7 18 15 17 56.255  188.1316516   74.2976989  305.3961915   -1.8729510   1047.442   1048.655           32841.652              87.391         6        20   141.982346    13.748714    15.150    1     43683       9.814
2022  7 18 15 18  1.055  188.1301222   74.2974489  305.4162869   -1.8730835   1047.549   1048.549           34400.234              89.372         6        20   141.982010    13.748922    15.310    1     43683      10.454
2022  7 18 15 18  5.855  188.1276025   74.2961529  305.4365631   -1.8743291   1047.111   1048.353           33881.450              83.559         6        20   141.981735    13.749090    15.270    1     43683      10.457
2022  7 18 15 18 10.655  188.1277503   74.2958846  305.4562073   -1.8744145   1047.381   1048.612           40054.563              90.858         6        20   141.981400    13.749300    15.320    1     43683      10.399
2022  7 18 15 18 15.455  188.1262618   74.2951566  305.4762102   -1.8750206   1046.908   1048.732           37421.824              88.998         6        20   141.981049    13.749506    15.310    1     43683      10.410
2022  7 18 15 19  3.456  188.1095623   74.2909496  305.6774188   -1.8781681   1047.598   1056.702           33955.983              89.213         7        20   141.977798    13.751505    15.700    1     43683      10.300
2022  7 18 15 19  8.256  188.1064489   74.2904293  305.6979030   -1.8786246   1047.397   1056.197           34266.804              87.072         7        20   141.977463    13.751716    15.350    1     43683      10.553
2022  7 18 15 19 13.056  188.1067994   74.2894851  305.7173979   -1.8793736   1047.620   1056.434           33358.045              88.370         7        20   141.977127    13.751924    15.400    1     43683      10.355
2022  7 18 15 19 17.856  188.1056206   74.2889793  305.7374250   -1.8797910   1047.119   1056.842           32641.918              80.234         7        20   141.976852    13.752087    15.600    1     43683      10.476
2022  7 18 15 19 22.656  188.1021003   74.2883781  305.7580072   -1.8803388   1047.059   1056.128           33191.753              81.736         7        20   141.976517    13.752302    15.620    1     43683      10.479
2022  7 18 15 19 27.456  188.1005755   74.2881153  305.7781001   -1.8804784   1047.261   1056.193           34591.060              84.704         7        20   141.976181    13.752515    15.680    1     43683      10.314
2022  7 18 15 19 32.256  188.0985492   74.2874554  305.7982724   -1.8810331   1046.895   1056.350           34306.037              89.663         7        20   141.975845    13.752725    15.450    1     43683      10.178
2022  7 18 15 19 37.056  188.0978760   74.2869521  305.8180883   -1.8813869   1046.799   1056.475           33763.210              88.763         7        20   141.975494    13.752930    15.540    1     43683      10.324
2022  7 18 15 19 41.856  188.0962660   74.2866418  305.8382593   -1.8816238   1046.715   1056.087           34230.446              86.621         7        20   141.975220    13.753096    15.640    1     43683      10.344
2022  7 18 15 19 46.656  188.0942224   74.2863130  305.8584823   -1.8818512   1046.770   1056.076           33653.091              85.431         7        20   141.974884    13.753306    15.690    1     43683      10.401
2022  7 18 15 19 51.456  188.0929374   74.2859185  305.8784926   -1.8821151   1046.536   1056.366           33675.250              88.364         7        20   141.974548    13.753516    15.770    1     43683       9.969
2022  7 18 15 19 56.256  188.0920502   74.2852942  305.8983653   -1.8825878   1046.269   1055.967           33184.257              85.076         7        20   141.974213    13.753730    15.650    1     43683      10.580
2022  7 18 15 20  1.056  188.0897851   74.2844227  305.9185726   -1.8833599   1046.419   1056.070           32301.380              85.918         7        20   141.973877    13.753941    15.550    1     43683      10.441
2022  7 18 15 20  5.856  188.0888929   74.2839884  305.9385329   -1.8836926   1045.942   1056.100           31966.055              80.998         7        20   141.973602    13.754107    15.610    1     43683      10.544
2022  7 18 15 20 10.656  188.0874425   74.2835254  305.9585792   -1.8840266   1046.154   1055.895           31307.665              81.518         7        20   141.973267    13.754321    15.710    1     43683      10.429
2022  7 18 15 20 15.456  188.0844340   74.2828402  305.9789970   -1.8846450   1045.829   1056.143           30967.740              80.873         7        20   141.972916    13.754529    15.840    1     43683       9.595
2022  7 18 15 20 20.256  188.0840970   74.2829041  305.9988165   -1.8844143   1045.806   1055.838           32010.603              82.311         7        20   141.972580    13.754744    15.600    1     43683      10.519
2022  7 18 15 20 25.056  188.0822306   74.2819576  306.0189065   -1.8852488   1045.860   1055.917           32288.525              82.762         7        20   141.972244    13.754952    15.680    1     43683       9.032
2022  7 18 15 20 29.856  188.0811069   74.2816758  306.0389512   -1.8854380   1045.463   1055.956           34116.569              81.813         7        20   141.971970    13.755119    15.610    1     43683      10.458
2022  7 18 15 20 34.656  188.0795887   74.2812177  306.0590155   -1.8857716   1045.705   1055.836           31866.685              81.889         7        20   141.971634    13.755331    15.740    1     43683      10.501
2022  7 18 15 22 15.457  188.0458936   74.2704006  306.4808416   -1.8941994   1042.802   1060.701           33659.562              86.006         6        19   141.964722    13.759610    15.970    1     43683      10.364
2022  7 18 15 22 20.257  188.0439536   74.2703430  306.5010751   -1.8941517   1042.678   1060.812           32670.879              84.292         6        19   141.964386    13.759822    16.140    1     43683      10.366
2022  7 18 15 22 25.057  188.0412427   74.2696747  306.5214165   -1.8947366   1042.395   1060.398           31080.784              81.695         6        19   141.964035    13.760035    15.940    1     43683      10.302
2022  7 18 15 22 29.857  188.0407425   74.2694694  306.5413196   -1.8948265   1042.551   1060.581           31563.306              82.049         6        19   141.963776    13.760202    16.190    1     43683      10.434
2022  7 18 15 22 34.657  188.0387577   74.2681515  306.5613766   -1.8960307   1042.078   1060.695           24521.599              69.926         6        19   141.963425    13.760412    16.090    1     43683      10.380
2022  7 18 15 22 39.457  188.0357366   74.2679551  306.5818815   -1.8961607   1042.092   1060.224           29432.377              76.576         6        19   141.963089    13.760624    16.050    1     43683      10.293
2022  7 18 15 22 44.257  188.0344036   74.2673040  306.6018702   -1.8966810   1042.084   1060.494           32014.689              79.448         6        19   141.962753    13.760833    16.120    1     43683      10.390
2022  7 18 15 22 58.657  188.0306814   74.2665029  306.6619676   -1.8971285   1041.546   1060.351           33286.702              84.332         6        19   141.961792    13.761422    16.070    1     43683      10.349
2022  7 18 15 23  3.457  188.0293053   74.2659557  306.6819823   -1.8975476   1041.655   1060.164           30278.433              84.657         6        19   141.961456    13.761631    16.110    1     43683      10.344
2022  7 18 15 23  8.257  188.0267782   74.2653148  306.7022785   -1.8981053   1041.439   1060.329           30274.387              79.159         6        19   141.961105    13.761837    16.190    1     43683      10.505
2022  7 18 15 23 13.057  188.0240021   74.2647132  306.7226631   -1.8986313   1041.315   1060.095           29727.947              77.709         6        19   141.960770    13.762045    16.220    1     43683      10.515
2022  7 18 15 23 17.857  188.0231476   74.2638620  306.7425568   -1.8993750   1041.195   1060.351           29219.369              77.571         6        19   141.960495    13.762211    16.310    1     43683      10.198
2022  7 18 15 23 22.657  188.0215732   74.2637107  306.7626643   -1.8994062   1040.883   1060.223           29001.019              77.148         6        19   141.960144    13.762423    16.100    1     43683      10.606
2022  7 18 15 23 27.457  188.0209151   74.2629484  306.7824566   -1.9000105   1041.079   1060.066           28541.962              73.368         6        19   141.959808    13.762633    16.310    1     43683      10.164
2022  7 18 15 23 32.257  188.0191986   74.2627050  306.8026058   -1.9001401   1040.687   1060.399           27624.994              79.024         6        19   141.959473    13.762843    16.190    1     43683      10.472
2022  7 18 15 23 37.057  188.0174530   74.2624944  306.8227513   -1.9002334   1040.755   1059.937           28228.891              74.574         6        19   141.959122    13.763058    16.230    1     43683      10.579
2022  7 18 15 23 41.857  188.0161226   74.2614605  306.8427480   -1.9011737   1040.733   1060.120           28236.471              74.189         6        19   141.958847    13.763226    16.330    1     43683      10.406
2022  7 18 15 24 34.658  187.9974903   74.2558443  307.0640542   -1.9056274   1042.177   1060.091           28300.730              75.125         6        19   141.955292    13.765409    16.290    1     43683      10.372
2022  7 18 15 24 39.458  187.9978652   74.2552698  307.0835798   -1.9060080   1042.039   1059.888           27836.622              71.890         6        19   141.954941    13.765618    16.050    1     43683      10.432
2022  7 18 15 24 44.258  187.9957411   74.2549913  307.1038331   -1.9061884   1042.128   1059.925           26758.441              71.982         6        19   141.954605    13.765827    16.290    1     43683      10.516
2022  7 18 15 24 49.058  187.9930645   74.2545095  307.1242072   -1.9065896   1041.805   1060.013           28084.260              72.636         6        19   141.954269    13.766037    16.190    1     43683      10.310
2022  7 18 15 24 53.858  187.9922598   74.2544887  307.1442029   -1.9065047   1041.814   1059.714           28788.538              78.949         6        19   141.953995    13.766207    16.220    1     43683      10.496
2022  7 18 15 24 58.658  187.9910584   74.2538230  307.1641400   -1.9070322   1041.828   1059.842           27873.439              74.269         6        19   141.953644    13.766418    16.160    1     43683      10.524
2022  7 18 15 25  3.458  187.9885079   74.2532194  307.1844636   -1.9075482   1041.484   1060.061           28220.269              74.881         6        19   141.953308    13.766629    16.190    1     43683      10.221
2022  7 18 15 25  8.258  187.9878806   74.2527796  307.2042924   -1.9078257   1041.397   1059.672           29578.857              77.698         6        19   141.952972    13.766845    16.060    1     43683      10.192
2022  7 18 15 25 13.058  187.9867795   74.2519081  307.2241745   -1.9085533   1041.415   1059.840           30887.208              79.542         6        19   141.952621    13.767056    16.300    1     43683      10.488
2022  7 18 15 25 17.858  187.9850858   74.2516264  307.2443887   -1.9087598   1041.030   1059.871           29246.031              74.680         6        19   141.952362    13.767226    16.300    1     43683      10.089
2022  7 18 15 25 22.658  187.9828373   74.2506932  307.2645711   -1.9095871   1041.012   1059.730           27870.151              70.548         6        19   141.952011    13.767441    16.250    1     43683      10.353
2022  7 18 15 25 27.458  187.9801337   74.2507410  307.2850252   -1.9094615   1040.840   1059.462           29140.038              79.496         6        19   141.951675    13.767654    16.080    1     43683      10.360
2022  7 18 15 25 32.258  187.9788963   74.2497146  307.3049390   -1.9103466   1040.838   1059.657           35012.475              80.544         6        19   141.951340    13.767866    16.160    1     43683      10.427
2022  7 18 15 25 37.058  187.9793441   74.2495537  307.3245017   -1.9103137   1040.704   1059.952           30891.255              76.593         6        19   141.950989    13.768076    16.360    1     43683      10.409
2022  7 18 15 25 41.858  187.9753121   74.2494803  307.3453576   -1.9103984   1040.495   1059.457           28418.095              78.027         6        19   141.950714    13.768248    16.250    1     43683      10.521
2022  7 18 15 25 46.658  187.9731532   74.2489930  307.3655921   -1.9107816   1040.666   1059.337           27569.523              76.753         6        19   141.950378    13.768462    16.190    1     43683      10.472
2022  7 18 15 25 51.458  187.9731427   74.2481486  307.3851847   -1.9114419   1040.368   1059.758           27103.862              73.571         6        19   141.950027    13.768673    16.340    1     43683      10.432
2022  7 18 15 25 56.258  187.9696802   74.2477589  307.4057844   -1.9117776   1039.960   1059.416           26118.525              72.232         6        19   141.949692    13.768886    16.080    1     43683      10.602
2022  7 18 15 26  5.858  187.9695375   74.2461626  307.4450911   -1.9130570   1039.930   1059.786           27988.569              70.672         6        19   141.949066    13.769262    16.440    1     43683      10.058
2022  7 18 15 27  8.258  187.9474678   74.2404313  307.7066775   -1.9173295   1040.651   1064.770           27989.382              77.053         6        20   141.944763    13.771930    16.300    1     43683      10.607
2022  7 18 15 27 13.058  187.9446635   74.2399524  307.7270725   -1.9177308   1040.658   1064.477           29070.579              82.403         6        20   141.944412    13.772141    16.370    1     43683      10.646
2022  7 18 15 27 17.858  187.9425427   74.2392259  307.7473267   -1.9183942   1040.697   1064.439           27974.690              79.843         6        20   141.944138    13.772310    16.350    1     43683      10.537
2022  7 18 15 27 22.659  187.9424162   74.2385537  307.7669937   -1.9188930   1040.398   1064.789           28498.139              77.640         6        20   141.943802    13.772516    16.350    1     43683      10.534
2022  7 18 15 27 27.459  187.9416246   74.2377620  307.7868043   -1.9195329   1040.142   1064.791           26902.957              72.714         6        20   141.943451    13.772724    16.430    1     43683      10.519
2022  7 18 15 27 32.259  187.9386946   74.2370530  307.8072021   -1.9201676   1040.013   1064.479           27051.046              73.065         6        20   141.943100    13.772934    16.260    1     43683      10.547
2022  7 18 15 27 37.059  187.9362426   74.2367726  307.8275444   -1.9203612   1039.930   1064.317           27172.631              75.203         6        20   141.942764    13.773143    16.460    1     43683      10.302
2022  7 18 15 27 41.859  187.9338919   74.2366364  307.8479410   -1.9204471   1039.901   1064.149           29060.911              74.874         6        20   141.942490    13.773313    16.340    1     43683      10.534
2022  7 18 15 27 46.659  187.9339449   74.2357548  307.8675121   -1.9211448   1039.917   1064.514           28009.726              73.219         6        20   141.942139    13.773521    16.580    1     43683      10.484
2022  7 18 15 27 51.459  187.9321034   74.2355748  307.8876888   -1.9212181   1039.544   1064.661           27963.467              80.322         6        20   141.941788    13.773728    16.310    1     43683      10.532
2022  7 18 15 27 56.259  187.9297217   74.2354648  307.9080355   -1.9212372   1039.749   1064.137           25984.716              72.895         6        20   141.941452    13.773940    16.260    1     43683      10.544
2022  7 18 15 28  1.059  187.9287148   74.2349030  307.9279355   -1.9216550   1039.574   1064.491           26019.632              75.652         6        20   141.941101    13.774150    16.550    1     43683      10.203
2022  7 18 15 28  5.859  187.9251730   74.2338290  307.9485247   -1.9227129   1039.205   1064.038           25608.258              70.272         6        20   141.940826    13.774321    16.270    1     43683      10.505
2022  7 18 15 28 10.659  187.9247707   74.2328626  307.9682231   -1.9235113   1039.184   1064.433           25211.029              67.627         6        20   141.940491    13.774529    16.670    1     43683      10.515
2022  7 18 15 28 15.459  187.9229303   74.2331683  307.9884655   -1.9230994   1038.981   1064.162           21382.427              62.452         6        20   141.940140    13.774740    16.370    1     43683      10.476
2022  7 18 15 28 20.259  187.9217191   74.2323322  308.0083985   -1.9237965   1039.071   1064.058           21244.907              63.261         6        20   141.939804    13.774950    16.170    1     43683      10.559
2022  7 18 15 28 25.059  187.9191128   74.2321721  308.0287840   -1.9238803   1038.866   1064.211           23181.142              69.615         6        20   141.939453    13.775155    16.370    1     43683      10.498
2022  7 18 15 28 29.859  187.9179255   74.2317106  308.0488223   -1.9242495   1038.781   1064.198           23450.409              69.627         6        20   141.939178    13.775321    16.400    1     43683      10.376
2022  7 18 15 28 34.659  187.9172452   74.2315595  308.0686913   -1.9242492   1038.732   1064.021           20833.274              62.304         6        20   141.938828    13.775530    16.340    1     43683      10.644
2022  7 18 15 28 39.459  187.9145780   74.2307070  308.0890145   -1.9250162   1038.677   1064.081           24066.794              67.815         6        20   141.938492    13.775740    16.470    1     43683      10.324
2022  7 18 15 30 10.659  187.8854324   74.2205904  308.4703417   -1.9329034   1035.240   1062.976           17492.130              55.357         6        18   141.932266    13.779594    16.420    1     43683      10.452
2022  7 18 15 30 15.459  187.8837896   74.2201003  308.4904236   -1.9332692   1034.961   1063.009           17056.432              54.828         6        18   141.931915    13.779808    16.250    1     43683      10.491
2022  7 18 15 30 20.259  187.8820244   74.2195262  308.5105432   -1.9337236   1034.974   1062.918           17287.442              57.379         6        18   141.931580    13.780021    16.260    1     43683      10.615
2022  7 18 15 30 25.060  187.8802075   74.2195185  308.5307564   -1.9336179   1034.828   1062.936           16835.843              53.050         6        18   141.931244    13.780235    16.280    1     43683      10.488
2022  7 18 15 30 29.860  187.8798145   74.2192562  308.5506081   -1.9337532   1034.796   1062.662           16212.878              52.873         6        18   141.930969    13.780408    16.280    1     43683      10.598
2022  7 18 15 30 34.660  187.8787230   74.2186591  308.5705270   -1.9342057   1034.758   1062.958           15109.488              50.123         6        18   141.930618    13.780621    16.290    1     43683      10.670
2022  7 18 15 30 39.460  187.8765632   74.2176242  308.5906910   -1.9351312   1034.280   1062.902           13083.317              47.617         6        18   141.930283    13.780834    16.210    1     43683      10.754
2022  7 18 15 30 58.660  187.8709151   74.2160068  308.6709237   -1.9362633   1033.860   1062.791           10518.110              42.151         6        18   141.928986    13.781647    16.240    1     43683      10.884
2022  7 18 15 31  8.260  187.8669181   74.2146618  308.7112458   -1.9373841   1033.603   1062.832           14710.203              49.820         6        18   141.928299    13.782073    16.240    1     43683      10.372
2022  7 18 15 31 13.060  187.8624210   74.2143564  308.7321378   -1.9376692   1033.634   1062.225           14395.473              49.387         6        18   141.927963    13.782289    16.200    1     43683      10.799
2022  7 18 15 31 17.860  187.8632266   74.2136802  308.7516115   -1.9381765   1033.601   1062.584           13043.533              46.449         6        18   141.927689    13.782456    16.170    1     43683      10.875
2022  7 18 15 31 22.660  187.8623526   74.2133955  308.7715141   -1.9383155   1033.310   1062.892           13442.502              48.664         6        18   141.927338    13.782665    16.450    1     43683      10.535
2022  7 18 15 31 27.460  187.8582424   74.2122162  308.7921693   -1.9394492   1033.089   1062.227           13895.046              49.766         6        18   141.926987    13.782884    16.140    1     43683      10.798
2022  7 18 15 31 32.260  187.8579791   74.2117174  308.8118934   -1.9397739   1033.170   1062.588           11755.170              43.635         6        18   141.926651    13.783097    16.350    1     43683      10.900
2022  7 18 15 31 37.060  187.8557031   74.2117831  308.8322365   -1.9396109   1032.846   1062.368           12493.564              45.267         6        18   141.926315    13.783312    16.200    1     43683      10.592
2022  7 18 15 31 41.860  187.8529028   74.2112011  308.8526957   -1.9401518   1032.962   1062.104           11254.677              43.541         6        18   141.926041    13.783484    16.110    1     43683      10.734
2022  7 18 15 32 20.260  187.8400205   74.2071843  309.0133344   -1.9431735   1036.669   1064.366           14693.515              48.687        11        19   141.923294    13.785183    16.390    1     43683      10.478
2022  7 18 15 32 25.060  187.8380713   74.2060781  309.0334171   -1.9441616   1036.236   1064.223           14048.122              48.925        11        19   141.922943    13.785396    16.260    1     43683      10.620
2022  7 18 15 32 29.860  187.8369902   74.2058281  309.0534564   -1.9443144   1036.388   1064.011           15498.312              50.105        11        19   141.922668    13.785564    16.280    1     43683      10.558
2022  7 18 15 32 34.660  187.8349239   74.2049545  309.0736030   -1.9450812   1036.161   1064.196           15678.921              51.904        11        19   141.922318    13.785772    16.390    1     43683      10.300
2022  7 18 15 32 39.460  187.8343799   74.2049571  309.0934704   -1.9449201   1035.940   1064.288           14638.317              48.639        11        19   141.921982    13.785984    16.300    1     43683      10.323
2022  7 18 15 32 49.060  187.8307772   74.2042320  309.1337559   -1.9454183   1035.886   1064.076           15191.943              51.311        11        19   141.921280    13.786403    16.200    1     43683      10.404
2022  7 18 15 32 53.860  187.8291873   74.2038217  309.1539111   -1.9457486   1035.666   1063.976           15103.294              49.547        11        19   141.921005    13.786571    16.380    1     43683      10.211
2022  7 18 15 32 58.660  187.8286730   74.2034375  309.1737196   -1.9459727   1035.749   1064.008           15758.430              52.489        11        19   141.920670    13.786780    16.400    1     43683      10.304
2022  7 18 15 33  3.460  187.8245186   74.2021549  309.1943743   -1.9472188   1035.327   1064.116           18209.652              54.019        11        19   141.920319    13.786990    16.350    1     43683       9.756
2022  7 18 15 33  8.260  187.8267201   74.2012428  309.2133630   -1.9478619   1035.181   1063.908           18076.892              53.728        11        19   141.919968    13.787204    16.400    1     43683       9.705
2022  7 18 15 33 13.060  187.8232323   74.2014287  309.2340497   -1.9476274   1035.158   1064.003           18520.224              54.330        11        19   141.919632    13.787415    16.370    1     43683      10.083
2022  7 18 15 33 17.861  187.8224293   74.2006387  309.2539459   -1.9483033   1034.976   1063.900           17661.557              52.894        11        19   141.919357    13.787585    16.430    1     43683       9.404
2022  7 18 15 33 22.661  187.8211462   74.2001737  309.2739352   -1.9486314   1034.971   1063.958           20040.498              56.397        11        19   141.919006    13.787798    16.400    1     43683      10.167
2022  7 18 15 33 27.461  187.8187026   74.1999276  309.2942832   -1.9487838   1034.660   1064.021           21240.397              58.350        11        19   141.918671    13.788012    16.580    1     43683       9.672
2022  7 18 15 33 32.261  187.8182817   74.1996252  309.3140616   -1.9489203   1034.744   1063.772           22608.762              63.739        11        19   141.918320    13.788224    16.250    1     43683       9.591
2022  7 18 15 33 37.061  187.8169659   74.1991290  309.3340706   -1.9492815   1034.670   1063.908           20236.335              58.542        11        19   141.917984    13.788436    16.500    1     43683       9.798
2022  7 18 15 33 41.861  187.8136575   74.1983331  309.3546385   -1.9500553   1034.277   1063.918           21584.685              61.002        11        19   141.917709    13.788605    16.500    1     43683       9.533
2022  7 18 15 33 46.661  187.8131826   74.1974194  309.3743497   -1.9508015   1034.284   1063.857           20427.062              61.753        11        19   141.917358    13.788815    16.590    1     43683       9.253
2022  7 18 15 33 51.461  187.8121107   74.1972996  309.3943283   -1.9507798   1033.922   1063.878           18778.327              54.183        11        19   141.917007    13.789028    16.500    1     43683       9.445
2022  7 18 15 37  8.262  187.7455784   74.1762165  310.2183495   -1.9670612   1030.810   1064.652           25653.383              68.813       164        18   141.903549    13.797421    16.610    1     43683      10.277
2022  7 18 15 37 13.062  187.7445131   74.1758706  310.2383129   -1.9672637   1030.589   1064.933           23052.609              62.881       164        18   141.903214    13.797633    16.780    1     43683      10.388
2022  7 18 15 37 17.862  187.7430413   74.1753363  310.2584212   -1.9677076   1030.237   1064.747           22022.993              61.045       164        18   141.902939    13.797805    16.540    1     43683      10.545
2022  7 18 15 37 22.662  187.7404606   74.1748622  310.2787616   -1.9680918   1030.458   1064.627           23397.117              66.982       164        18   141.902588    13.798017    16.120    1     43683      10.319
2022  7 18 15 37 27.462  187.7389834   74.1739815  310.2987496   -1.9688431   1030.038   1064.879           24264.323              64.933       164        18   141.902237    13.798225    15.770    1     43683      10.487
2022  7 18 15 37 37.062  187.7366067   74.1729305  310.3386947   -1.9696109   1029.895   1064.600           23457.379              63.944       164        18   141.901566    13.798651    14.990    1     43683      10.391
2022  7 18 15 37 41.862  187.7347612   74.1730315  310.3589734   -1.9694404   1029.841   1064.750           24175.818              68.902       164        18   141.901276    13.798821    14.870    1     43683      10.411
2022  7 18 15 37 46.662  187.7324059   74.1725108  310.3792618   -1.9698606   1029.553   1064.493           24680.967              70.154       164        18   141.900940    13.799035    14.420    1     43683      10.275
2022  7 18 15 37 51.462  187.7292015   74.1720976  310.3997941   -1.9702059   1029.701   1064.246           22678.514              66.685       164        18   141.900604    13.799248    14.140    1     43683      10.433
2022  7 18 15 37 56.262  187.7291673   74.1712008  310.4194059   -1.9709180   1029.406   1064.600           21440.563              64.194       164        18   141.900269    13.799459    14.130    1     43683      10.306
2022  7 18 15 38  1.062  187.7271895   74.1702416  310.4395192   -1.9717601   1029.024   1064.330           21232.373              61.839       164        18   141.899918    13.799672    14.060    1     43683      10.342
2022  7 18 15 38  5.862  187.7245837   74.1698005  310.4599470   -1.9721524   1029.243   1064.230           20963.022              63.520       164        18   141.899643    13.799844    13.820    1     43683      10.109
2022  7 18 15 38 10.662  187.7236086   74.1696773  310.4799148   -1.9721296   1028.897   1064.358           20652.259              62.474       164        18   141.899307    13.800057    13.740    1     43683      10.365
2022  7 18 15 38 15.462  187.7225117   74.1687574  310.4998111   -1.9729000   1028.956   1064.206           19564.027              63.387       164        18   141.898972    13.800271    13.630    1     43683      10.065
2022  7 18 15 38 20.262  187.7195848   74.1688031  310.5203143   -1.9727791   1028.673   1064.289           19977.588              61.250       164        18   141.898621    13.800485    13.630    1     43683      10.354
2022  7 18 15 38 25.062  187.7186060   74.1683478  310.5402393   -1.9730836   1028.653   1063.967           17660.571              56.448       164        18   141.898285    13.800700    13.780    1     43683       9.753
2022  7 18 15 38 29.862  187.7170485   74.1677809  310.5603669   -1.9735647   1028.735   1064.024           17900.660              55.344       164        18   141.898010    13.800870    13.480    1     43683      10.178
2022  7 18 15 38 34.662  187.7137145   74.1669257  310.5808773   -1.9743565   1028.349   1064.152           17506.277              55.554       164        18   141.897675    13.801079    13.610    1     43683      10.270
