2022  7 20 12 13 50.844  156.5603090   64.2639580  262.9465021   -2.5646619   1112.757    942.259           24482.559              98.502         6        10   131.560593    21.237457    20.120    1     43683      10.318
2022  7 20 12 13 55.644  156.5598423   64.2633981  262.9666446   -2.5649055   1112.862    942.355           23521.072              92.829         6        10   131.560287    21.237705    20.230    1     43683      10.081
2022  7 20 12 14  0.445  156.5592152   64.2629563  262.9867984   -2.5650138   1112.721    942.491           24332.637              98.393         6        10   131.559967    21.237953    20.270    1     43683       9.786
2022  7 20 12 14  5.245  156.5586612   64.2628124  263.0068084   -2.5648549   1112.561    942.334           23623.519              96.251         6        10   131.559647    21.238203    20.200    1     43683      10.367
2022  7 20 12 14 10.045  156.5582320   64.2619543  263.0270460   -2.5653797   1112.718    942.293           24172.331              94.512         6        10   131.559341    21.238453    20.270    1     43683       9.892
2022  7 20 12 14 14.845  156.5575528   64.2618082  263.0471687   -2.5652542   1112.522    942.267           24242.529              97.995         6        10   131.559082    21.238651    20.300    1     43683      10.254
2022  7 20 12 14 19.645  156.5576677   64.2611150  263.0671265   -2.5657151   1112.699    942.420           23411.279              95.659         6        10   131.558777    21.238899    20.400    1     43683      10.107
2022  7 20 12 14 24.445  156.5568140   64.2607550  263.0873365   -2.5657090   1112.376    942.283           24100.888              94.309         6        10   131.558456    21.239149    20.200    1     43683      10.236
2022  7 20 12 14 29.245  156.5565456   64.2602557  263.1073775   -2.5659301   1112.612    942.399           25118.551             104.758         6        10   131.558151    21.239395    20.340    1     43683      10.388
2022  7 20 12 14 34.045  156.5557580   64.2599808  263.1275303   -2.5658554   1112.424    942.300           24250.716              95.118         6        10   131.557831    21.239645    20.450    1     43683      10.234
2022  7 20 12 16 14.845  156.5468432   64.2503350  263.5495575   -2.5693711   1111.687    942.189           22803.299              93.327         8         8   131.551575    21.244631    20.410    1     43683      10.265
2022  7 20 12 16 19.645  156.5466832   64.2499746  263.5695034   -2.5694767   1111.676    942.147           22361.314              87.076         8         8   131.551270    21.244881    20.390    1     43683       9.992
2022  7 20 12 16 34.045  156.5447436   64.2484561  263.6300609   -2.5699643   1111.500    942.102           24881.475              93.489         8         8   131.550323    21.245632    20.400    1     43683      10.772
2022  7 20 12 16 38.845  156.5453721   64.2477599  263.6498736   -2.5705587   1111.513    942.179           25329.661              94.672         8         8   131.550079    21.245831    20.540    1     43683      10.393
2022  7 20 12 16 43.645  156.5446603   64.2473466  263.6700621   -2.5706258   1111.691    942.168           23626.699              92.651         8         8   131.549774    21.246080    20.570    1     43683      10.284
2022  7 20 12 16 48.445  156.5437558   64.2470491  263.6902708   -2.5705534   1111.451    942.230           23668.224              92.688         8         8   131.549454    21.246330    20.380    1     43683      10.000
2022  7 20 12 16 53.246  156.5437698   64.2466531  263.7101637   -2.5707199   1111.565    942.227           23147.438              94.008         8         8   131.549149    21.246580    20.570    1     43683       9.488
2022  7 20 12 16 58.046  156.5428986   64.2458677  263.7305383   -2.5711062   1111.554    942.169           23639.730              92.433         8         8   131.548828    21.246830    20.600    1     43683       9.458
2022  7 20 12 19 55.647  156.5271434   64.2288821  264.4741285   -2.5772576   1111.198    944.550           25458.955              97.126         7        18   131.537796    21.255640    20.860    1     43683       9.652
2022  7 20 12 20  0.447  156.5270509   64.2284079  264.4940745   -2.5774816   1110.836    944.732           24192.948              93.846         7        18   131.537476    21.255888    20.870    1     43683      10.735
2022  7 20 12 20  5.247  156.5262627   64.2278377  264.5143513   -2.5776811   1110.963    944.516           25519.075              97.270         7        18   131.537170    21.256138    20.810    1     43683       9.374
2022  7 20 12 20 19.647  156.5256404   64.2263036  264.5744611   -2.5784470   1110.806    944.722           26050.528              96.388         7        18   131.536301    21.256836    20.780    1     43683      10.179
2022  7 20 12 20 24.447  156.5245088   64.2259960  264.5947796   -2.5783473   1110.880    944.521           25317.179              96.226         7        18   131.535995    21.257086    20.800    1     43683      10.230
2022  7 20 12 20 29.247  156.5243609   64.2256369  264.6147054   -2.5784575   1110.708    944.618           24632.281              97.845         7        18   131.535675    21.257332    20.760    1     43683       9.811
2022  7 20 12 20 34.047  156.5236978   64.2249809  264.6349644   -2.5787588   1110.767    944.594           23998.737              93.309         7        18   131.535370    21.257580    20.780    1     43683       9.791
2022  7 20 12 20 38.847  156.5237199   64.2247788  264.6548396   -2.5787998   1110.774    944.725           25045.854              93.712         7        18   131.535126    21.257776    20.890    1     43683      10.665
2022  7 20 12 20 43.647  156.5226695   64.2243901  264.6751404   -2.5787865   1110.525    944.546           25615.550             100.532         7        18   131.534805    21.258028    20.840    1     43683       9.679
2022  7 20 12 20 48.447  156.5224462   64.2238180  264.6951905   -2.5790786   1110.781    944.462           25381.919              96.335         7        18   131.534500    21.258278    20.820    1     43683      10.034
2022  7 20 12 20 53.247  156.5221861   64.2235616  264.7151387   -2.5790773   1110.564    944.659           26096.673             101.812         7        18   131.534195    21.258522    20.900    1     43683       9.316
2022  7 20 12 20 58.047  156.5215030   64.2228783  264.7354009   -2.5794007   1110.563    944.592           24699.893             102.426         7        18   131.533875    21.258770    20.840    1     43683       9.048
2022  7 20 12 21  2.847  156.5211173   64.2224569  264.7555212   -2.5795760   1110.546    944.602           26009.529             101.829         7        18   131.533630    21.258970    20.840    1     43683       9.848
2022  7 20 12 21  7.647  156.5211954   64.2220269  264.7753968   -2.5797845   1110.360    944.634           24155.713              93.707         7        18   131.533325    21.259220    20.890    1     43683      10.673
2022  7 20 12 21 12.447  156.5203062   64.2219299  264.7955404   -2.5795260   1110.527    944.460           27094.159             101.257         7        18   131.533020    21.259472    20.970    1     43683      10.471
2022  7 20 12 21 17.247  156.5199500   64.2211208  264.8157320   -2.5800170   1110.546    944.479           26271.538             102.120         7        18   131.532715    21.259722    20.790    1     43683       9.908
2022  7 20 12 21 22.047  156.5195110   64.2200880  264.8360239   -2.5807024   1110.311    944.596           28114.707              95.459         7        18   131.532394    21.259972    20.930    1     43683      10.411
2022  7 20 12 22 19.647  156.5144810   64.2148406  265.0770988   -2.5824808   1109.974    944.540           26264.914              98.474         5        20   131.528854    21.262815    21.050    1     43683       9.276
2022  7 20 12 22 24.447  156.5136774   64.2145896  265.0972650   -2.5823811   1109.772    944.385           25570.277              99.179         5        20   131.528549    21.263065    20.950    1     43683       9.857
2022  7 20 12 22 29.247  156.5139164   64.2141503  265.1170790   -2.5826281   1109.873    944.515           25916.438              96.955         5        20   131.528244    21.263311    20.820    1     43683       9.909
2022  7 20 12 22 34.047  156.5131671   64.2134276  265.1373827   -2.5829803   1109.985    944.467           25745.650              96.899         5        20   131.527924    21.263556    21.080    1     43683       8.610
2022  7 20 12 22 38.848  156.5126503   64.2130393  265.1575332   -2.5831077   1109.640    944.518           25439.683             103.794         5        20   131.527664    21.263752    20.920    1     43683       9.508
2022  7 20 12 22 43.648  156.5116745   64.2127074  265.1777989   -2.5830536   1109.786    944.379           25793.523             100.486         5        20   131.527359    21.264004    20.950    1     43683       9.036
2022  7 20 12 22 48.448  156.5117162   64.2122248  265.1977088   -2.5833051   1109.739    944.409           26025.263             100.687         5        20   131.527054    21.264254    21.080    1     43683       8.632
2022  7 20 12 22 53.248  156.5110873   64.2114354  265.2179876   -2.5837357   1109.819    944.416           24792.316              94.192         5        20   131.526733    21.264502    20.990    1     43683       8.929
2022  7 20 12 22 58.048  156.5111558   64.2113345  265.2377453   -2.5836408   1109.621    944.573           24778.009             101.280         5        20   131.526428    21.264748    20.980    1     43683      10.279
2022  7 20 12 23  2.848  156.5102464   64.2108399  265.2580908   -2.5838038   1109.692    944.365           24427.694              96.673         5        20   131.526169    21.264944    20.910    1     43683       9.485
2022  7 20 12 23 17.248  156.5090302   64.2093713  265.3183549   -2.5843618   1109.619    944.535           27724.118             105.324         5        20   131.525238    21.265694    21.120    1     43683       8.942
2022  7 20 12 23 22.048  156.5085223   64.2085690  265.3386055   -2.5848210   1109.293    944.419           28166.117              99.837         5        20   131.524933    21.265945    20.830    1     43683       9.909
2022  7 20 12 23 26.848  156.5083532   64.2083850  265.3585354   -2.5848094   1109.671    944.391           25454.217              99.372         5        20   131.524673    21.266146    21.040    1     43683       8.922
2022  7 20 12 23 31.648  156.5079293   64.2081511  265.3785417   -2.5847550   1109.386    944.537           25471.324              96.217         5        20   131.524368    21.266396    21.030    1     43683       9.690
2022  7 20 12 23 36.448  156.5073688   64.2076892  265.3986726   -2.5848893   1109.535    944.311           26402.369             106.135         5        20   131.524048    21.266647    21.150    1     43683       9.428
2022  7 20 12 23 41.248  156.5072123   64.2073225  265.4186198   -2.5849993   1109.344    944.449           24813.695              94.271         5        20   131.523743    21.266899    21.020    1     43683      10.659
2022  7 20 12 23 46.048  156.5067119   64.2066617  265.4387990   -2.5853272   1109.525    944.371           25554.314              99.237         5        20   131.523422    21.267151    21.130    1     43683       9.597
2022  7 20 12 23 50.848  156.5065471   64.2061379  265.4588691   -2.5856331   1109.297    944.537           25646.476              96.400         5        20   131.523178    21.267351    21.050    1     43683      10.007
2022  7 20 12 24 53.248  156.5008222   64.1999341  265.7202223   -2.5879494   1111.392    946.931           24989.226              94.088         6        19   131.519226    21.270479    21.260    1     43683      10.183
2022  7 20 12 24 58.048  156.5002957   64.1994832  265.7403505   -2.5880799   1111.250    946.980           24750.129              93.601         6        19   131.518921    21.270729    21.340    1     43683       9.371
2022  7 20 12 25  2.848  156.4999481   64.1988596  265.7605156   -2.5884512   1111.362    946.866           24163.407              92.153         6        19   131.518661    21.270927    21.250    1     43683       9.221
2022  7 20 12 25  7.648  156.4997025   64.1984599  265.7805111   -2.5885814   1111.160    946.958           24929.833              96.898         6        19   131.518356    21.271175    21.290    1     43683       9.363
2022  7 20 12 25 12.448  156.4997329   64.1982003  265.8003281   -2.5886259   1111.227    946.874           25017.564              94.025         6        19   131.518036    21.271423    21.300    1     43683       9.547
2022  7 20 12 25 17.248  156.4987909   64.1976447  265.8206633   -2.5887927   1111.366    946.938           23713.765              90.794         6        19   131.517731    21.271667    21.520    1     43683       9.474
2022  7 20 12 25 22.048  156.4985281   64.1970612  265.8407179   -2.5890909   1111.038    946.950           24268.666              92.173         6        19   131.517410    21.271915    21.240    1     43683       9.540
2022  7 20 12 25 26.849  156.4982038   64.1962953  265.8609464   -2.5895990   1111.285    946.958           26992.293              94.464         6        19   131.517166    21.272112    21.560    1     43683       9.069
2022  7 20 12 25 31.649  156.4974516   64.1961526  265.8810369   -2.5894089   1110.958    946.928           24724.760              86.843         6        19   131.516846    21.272360    21.180    1     43683       9.299
2022  7 20 12 25 36.449  156.4973416   64.1966352  265.9006508   -2.5887413   1111.492    946.899           28251.621              93.031         6        19   131.516541    21.272608    21.500    1     43683      10.385
2022  7 20 12 25 41.249  156.4964091   64.1952032  265.9212908   -2.5897218   1111.102    947.014           25170.785              94.507         6        19   131.516220    21.272854    21.420    1     43683       8.959
2022  7 20 12 25 46.049  156.4960915   64.1946854  265.9413593   -2.5899502   1110.949    946.980           24484.348              90.432         6        19   131.515915    21.273102    21.460    1     43683       9.135
2022  7 20 12 25 50.849  156.4943015   64.1934995  265.9623177   -2.5906114   1110.940    946.685           28415.194              93.487         6        19   131.515656    21.273300    21.380    1     43683       9.327
2022  7 20 12 26  0.449  156.4947522   64.1933208  266.0016966   -2.5904450   1110.883    946.932           25484.125              92.867         6        19   131.515045    21.273798    21.490    1     43683       9.196
2022  7 20 12 26  5.249  156.4946714   64.1926798  266.0216999   -2.5908239   1110.909    946.859           24970.592              93.815         6        19   131.514725    21.274048    21.440    1     43683       9.280
2022  7 20 12 26 10.049  156.4942772   64.1923923  266.0417141   -2.5908259   1111.050    946.967           23906.340              94.045         6        19   131.514420    21.274296    21.490    1     43683       9.631
2022  7 20 12 26 14.849  156.4932065   64.1919070  266.0621358   -2.5909521   1110.821    946.929           24958.854              91.629         6        19   131.514175    21.274494    21.390    1     43683       9.104
2022  7 20 12 26 19.649  156.4940712   64.1908590  266.0819070   -2.5918614   1110.611    947.066           28023.918              95.171         6        19   131.513855    21.274744    21.530    1     43683       9.484
2022  7 20 12 26 24.449  156.4928246   64.1909338  266.1021321   -2.5913856   1110.868    946.817           23226.770              89.322         6        19   131.513550    21.274996    21.550    1     43683       9.111
2022  7 20 12 26 58.049  156.4900843   64.1876234  266.2427192   -2.5926492   1110.653    946.935           25281.278              91.833         7        20   131.511429    21.276691    21.440    1     43683       9.340
2022  7 20 12 27  2.849  156.4891530   64.1872628  266.2630393   -2.5926790   1110.393    946.882           26172.956              96.504         7        20   131.511185    21.276892    21.590    1     43683       9.586
2022  7 20 12 27  7.649  156.4891787   64.1870950  266.2828391   -2.5926356   1110.572    946.906           28089.917              96.416         7        20   131.510880    21.277142    21.530    1     43683       9.059
2022  7 20 12 27 12.449  156.4887044   64.1862380  266.3030808   -2.5931507   1110.389    946.791           26163.393              92.099         7        20   131.510559    21.277393    21.600    1     43683       9.366
2022  7 20 12 27 17.249  156.4882025   64.1856999  266.3232316   -2.5933642   1110.419    946.940           26653.707              97.985         7        20   131.510254    21.277645    21.670    1     43683      10.195
2022  7 20 12 27 22.049  156.4879269   64.1851685  266.3432882   -2.5936080   1110.214    946.982           26111.164              96.322         7        20   131.509949    21.277897    21.530    1     43683      10.380
2022  7 20 12 27 26.849  156.4872618   64.1848506  266.3634847   -2.5936401   1110.372    946.748           25535.571              92.607         7        20   131.509705    21.278099    21.480    1     43683       8.921
2022  7 20 12 27 31.649  156.4869968   64.1843203  266.3835206   -2.5938865   1110.266    946.954           26650.109              98.061         7        20   131.509384    21.278349    21.620    1     43683      10.471
2022  7 20 12 27 36.449  156.4867556   64.1837754  266.4035682   -2.5941444   1110.173    946.822           27887.454              98.336         7        20   131.509079    21.278605    21.590    1     43683       9.352
2022  7 20 12 27 41.249  156.4866937   64.1832867  266.4235225   -2.5943820   1110.184    946.974           25848.086              99.237         7        20   131.508774    21.278858    21.710    1     43683       9.225
2022  7 20 12 27 46.049  156.4857273   64.1836514  266.4435268   -2.5936800   1110.215    946.813           32208.668             102.030         7        20   131.508469    21.279112    21.540    1     43683       9.693
2022  7 20 12 27 50.849  156.4855238   64.1808986  266.4644377   -2.5960484   1109.914    946.720           30901.902              95.564         7        20   131.508224    21.279314    21.500    1     43683       9.622
2022  7 20 12 28  0.449  156.4845694   64.1812605  266.5041713   -2.5951464   1109.847    946.842           25111.034              93.784         7        20   131.507599    21.279819    21.580    1     43683       9.921
2022  7 20 12 28  5.249  156.4841997   64.1809634  266.5241793   -2.5951573   1110.185    946.791           27490.095              96.734         7        20   131.507294    21.280071    21.780    1     43683      10.164
2022  7 20 12 28 10.049  156.4841521   64.1803037  266.5441911   -2.5955590   1109.903    946.944           26909.549              95.295         7        20   131.506989    21.280321    21.560    1     43683      10.652
2022  7 20 12 28 14.849  156.4837196   64.1798193  266.5643542   -2.5957832   1109.924    946.827           26988.986              95.616         7        20   131.506744    21.280523    21.580    1     43683       9.419
2022  7 20 12 28 19.650  156.4833950   64.1794144  266.5843880   -2.5959035   1109.924    946.950           26397.260              94.388         7        20   131.506439    21.280773    21.630    1     43683       9.909
2022  7 20 12 28 24.450  156.4822198   64.1790303  266.6047394   -2.5958653   1109.709    946.817           26004.501              95.869         7        20   131.506119    21.281025    21.740    1     43683       9.531
2022  7 20 12 28 29.250  156.4825294   64.1783601  266.6246105   -2.5963305   1109.867    946.882           27517.898              96.886         7        20   131.505814    21.281279    21.720    1     43683       9.465
2022  7 20 12 28 58.050  156.4800781   64.1754743  266.7451909   -2.5974336   1110.489    946.767           25109.352              93.406         5         8   131.504013    21.282740    21.770    1     43683       9.663
2022  7 20 12 29  2.850  156.4790768   64.1752242  266.7654986   -2.5973464   1110.254    946.617           27163.148              98.202         5         8   131.503769    21.282944    21.710    1     43683      10.197
2022  7 20 12 29  7.650  156.4789060   64.1748508  266.7854543   -2.5974612   1110.354    946.507           28089.288              97.798         5         8   131.503464    21.283195    21.760    1     43683      10.061
2022  7 20 12 29 12.450  156.4783147   64.1744583  266.8055874   -2.5975251   1110.463    946.643           26148.905              99.201         5         8   131.503159    21.283447    21.780    1     43683       9.933
2022  7 20 12 29 22.050  156.4774595   64.1729297  266.8459807   -2.5983943   1110.185    946.602           28352.022              98.141         5         8   131.502533    21.283953    21.800    1     43683      10.034
2022  7 20 12 29 26.850  156.4774591   64.1727212  266.8658525   -2.5984337   1110.127    946.752           27137.660              95.434         5         8   131.502274    21.284153    21.900    1     43683      10.148
2022  7 20 12 29 31.650  156.4765559   64.1722241  266.8861498   -2.5985444   1110.159    946.552           27044.210              98.044         5         8   131.501968    21.284405    21.700    1     43683       9.767
2022  7 20 12 29 36.450  156.4765427   64.1718875  266.9060280   -2.5986495   1110.122    946.662           28891.673              99.871         5         8   131.501663    21.284657    21.850    1     43683       9.916
2022  7 20 12 32 38.851  156.4611889   64.1535572  267.6697040   -2.6058264   1107.883    946.902           25157.338              92.285         6        20   131.490295    21.293793    22.100    1     43683      10.645
2022  7 20 12 32 43.651  156.4604383   64.1529453  267.6899834   -2.6060720   1107.680    946.862           25759.018              93.893         6        20   131.489990    21.294041    22.170    1     43683      10.551
2022  7 20 12 32 48.451  156.4602654   64.1524465  267.7099866   -2.6063079   1107.827    946.873           25036.793              92.082         6        20   131.489685    21.294287    22.090    1     43683      10.192
2022  7 20 12 32 53.251  156.4597366   64.1521755  267.7300347   -2.6062747   1107.731    946.977           27209.031              94.861         6        20   131.489365    21.294533    22.150    1     43683       9.941
2022  7 20 12 32 58.051  156.4588802   64.1516671  267.7503176   -2.6064072   1107.540    946.915           25406.139              93.276         6        20   131.489059    21.294781    22.240    1     43683       9.327
2022  7 20 12 33  2.851  156.4588239   64.1513428  267.7702702   -2.6065473   1107.581    946.896           26682.504              96.769         6        20   131.488815    21.294979    22.190    1     43683       9.708
2022  7 20 12 33  7.651  156.4582019   64.1506969  267.7905100   -2.6068413   1107.627    946.885           26598.652              93.853         6        20   131.488510    21.295231    22.210    1     43683       9.752
2022  7 20 12 33 12.451  156.4570737   64.1506205  267.8107289   -2.6065246   1107.429    946.874           28763.328              91.374         6        20   131.488190    21.295483    22.140    1     43683       9.817
2022  7 20 12 33 17.251  156.4581174   64.1501585  267.8302253   -2.6069160   1107.716    946.931           28903.510              92.126         6        20   131.487885    21.295736    22.220    1     43683      10.031
2022  7 20 12 33 22.051  156.4572611   64.1493129  267.8506332   -2.6073596   1107.311    947.042           26119.494              95.211         6        20   131.487579    21.295986    22.280    1     43683       9.630
2022  7 20 12 33 26.851  156.4570554   64.1488057  267.8707142   -2.6076415   1107.349    946.809           26053.012              94.920         6        20   131.487335    21.296188    22.130    1     43683       9.725
2022  7 20 12 33 31.651  156.4563810   64.1485223  267.8908409   -2.6075904   1107.414    946.890           26549.331              93.976         6        20   131.487030    21.296440    22.160    1     43683       9.402
2022  7 20 12 33 36.451  156.4559154   64.1477524  267.9110634   -2.6080229   1107.294    946.938           27123.875              97.630         6        20   131.486725    21.296694    22.240    1     43683       9.883
2022  7 20 12 33 41.251  156.4559591   64.1470359  267.9310596   -2.6084891   1107.253    946.916           27328.067              95.541         6        20   131.486420    21.296947    22.250    1     43683       9.369
2022  7 20 12 33 46.051  156.4554857   64.1468420  267.9510716   -2.6083874   1107.088    947.053           26644.379              94.397         6        20   131.486115    21.297199    22.180    1     43683      10.728
2022  7 20 12 33 50.851  156.4548410   64.1463555  267.9713219   -2.6085771   1107.118    946.782           27434.725              95.948         6        20   131.485870    21.297403    22.240    1     43683       9.798
2022  7 20 12 33 55.651  156.4545421   64.1458181  267.9913906   -2.6088225   1107.124    947.018           25851.942              92.412         6        20   131.485565    21.297655    22.220    1     43683       9.900
2022  7 20 12 34  0.451  156.4541195   64.1452113  268.0115502   -2.6091106   1107.036    946.848           28035.670              97.219         6        20   131.485275    21.297909    22.340    1     43683       9.875
2022  7 20 12 34  5.252  156.4539578   64.1445741  268.0316044   -2.6094699   1106.861    946.863           27408.546              95.327         6        20   131.484970    21.298162    22.210    1     43683      10.282
2022  7 20 12 34 10.052  156.4537815   64.1443243  268.0515167   -2.6094701   1107.190    946.905           27013.857              96.969         6        20   131.484665    21.298412    22.420    1     43683       9.521
2022  7 20 12 34 29.252  156.4518800   64.1424471  268.1320221   -2.6101440   1106.680    946.950           26102.023              92.419         8         8   131.483490    21.299360    22.340    1     43683      10.680
2022  7 20 12 34 34.052  156.4513283   64.1419382  268.1521828   -2.6103221   1106.823    946.862           25576.617              93.235         8         8   131.483185    21.299612    22.270    1     43683       9.154
2022  7 20 12 34 43.652  156.4512744   64.1416945  268.1918517   -2.6101863   1106.943    947.089           23135.883              82.245         8         8   131.482635    21.300058    22.330    1     43683       9.566
2022  7 20 12 34 53.252  156.4499861   64.1396421  268.2326320   -2.6114756   1106.763    946.866           23567.899              88.672         8         8   131.482025    21.300560    22.370    1     43683      10.469
2022  7 20 12 35  7.652  156.4487268   64.1380703  268.2930317   -2.6121750   1106.408    947.037           27766.687              91.629         8         8   131.481171    21.301256    22.310    1     43683      10.268
2022  7 20 12 35 12.452  156.4486719   64.1378343  268.3128887   -2.6121799   1106.454    947.006           25020.198              86.940         8         8   131.480865    21.301508    22.360    1     43683       9.768
2022  7 20 12 35 17.252  156.4481465   64.1374591  268.3329891   -2.6122381   1106.280    946.854           24540.503              90.978         8         8   131.480560    21.301760    22.310    1     43683      10.670
2022  7 20 12 35 31.652  156.4465530   64.1360177  268.3934761   -2.6127604   1106.358    947.011           24915.654              92.088        52         7   131.479706    21.302458    22.270    1     43683       9.837
2022  7 20 12 35 36.452  156.4468198   64.1355138  268.4133030   -2.6130661   1106.156    946.957           25320.891              96.215        52         7   131.479401    21.302710    22.280    1     43683       9.843
2022  7 20 12 35 41.252  156.4462662   64.1351835  268.4333823   -2.6130790   1106.258    946.967           24946.334              92.189        52         7   131.479080    21.302961    22.310    1     43683      10.107
2022  7 20 12 35 46.052  156.4455305   64.1345444  268.4536660   -2.6133483   1106.217    946.817           26015.199              92.338        52         7   131.478775    21.303213    22.360    1     43683      10.562
2022  7 20 12 35 55.652  156.4453828   64.1341657  268.4934240   -2.6133168   1106.097    947.028           28607.738              92.272        52         7   131.478226    21.303665    22.380    1     43683      10.393
2022  7 20 12 36  0.452  156.4448085   64.1329683  268.5138495   -2.6141326   1106.138    946.910           26116.149              92.715        52         7   131.477921    21.303915    22.250    1     43683       9.845
2022  7 20 12 36 34.052  156.4414948   64.1297819  268.6546577   -2.6151748   1107.175    947.310           27170.241              97.671         6        19   131.475830    21.305622    22.400    1     43683       9.965
2022  7 20 12 36 38.852  156.4410807   64.1292878  268.6748185   -2.6154108   1107.227    947.170           27923.759              96.505         6        19   131.475586    21.305824    22.310    1     43683       9.948
2022  7 20 12 36 43.652  156.4404278   64.1284808  268.6951161   -2.6158512   1107.284    947.231           29505.480             100.110         6        19   131.475266    21.306074    22.340    1     43683       9.927
2022  7 20 12 36 48.452  156.4400323   64.1280457  268.7151852   -2.6159879   1107.135    947.316           26956.984              97.050         6        19   131.474960    21.306324    22.450    1     43683      10.063
2022  7 20 12 36 53.252  156.4401886   64.1272743  268.7351563   -2.6165263   1106.950    947.313           26980.497              91.133         6        19   131.474655    21.306574    22.410    1     43683      10.594
2022  7 20 12 36 58.053  156.4391040   64.1271341  268.7553856   -2.6162737   1107.007    947.223           27069.509              91.328         6        19   131.474335    21.306828    22.260    1     43683      10.024
2022  7 20 12 37  2.853  156.4388567   64.1267903  268.7754231   -2.6163970   1107.172    947.140           27879.150              96.483         6        19   131.474091    21.307030    22.350    1     43683       9.800
2022  7 20 12 37  7.653  156.4388365   64.1260805  268.7954419   -2.6168516   1106.986    947.358           27621.445              98.742         6        19   131.473785    21.307278    22.430    1     43683       9.846
2022  7 20 12 37 17.253  156.4382279   64.1249659  268.8355989   -2.6173785   1106.960    947.342           30938.658             101.381         6        19   131.473175    21.307781    22.360    1     43683       9.828
2022  7 20 12 37 22.053  156.4376330   64.1246766  268.8556958   -2.6173456   1106.779    947.256           28893.052              98.943         6        19   131.472870    21.308033    22.260    1     43683       9.967
2022  7 20 12 37 26.853  156.4368983   64.1242110  268.8759602   -2.6175032   1106.978    947.152           30528.422             100.204         6        19   131.472610    21.308235    22.400    1     43683      10.038
2022  7 20 12 37 31.653  156.4368102   64.1238725  268.8958698   -2.6175999   1106.773    947.316           28458.119             100.481         6        19   131.472305    21.308485    22.350    1     43683       9.975
2022  7 20 12 37 36.453  156.4367083   64.1234440  268.9158184   -2.6177780   1106.754    947.251           27966.456              99.458         6        19   131.472000    21.308735    22.400    1     43683      10.001
2022  7 20 12 37 41.253  156.4359724   64.1226118  268.9361591   -2.6182284   1106.827    947.341           27201.521             100.832         6        19   131.471680    21.308985    22.390    1     43683      10.055
2022  7 20 12 37 46.053  156.4353874   64.1223099  268.9562567   -2.6182107   1106.654    947.171           27388.365              95.261         6        19   131.471375    21.309235    22.320    1     43683      10.279
2022  7 20 12 37 50.853  156.4354457   64.1218188  268.9762238   -2.6185242   1106.783    947.334           29051.418             105.535         6        19   131.471130    21.309433    22.350    1     43683      10.084
2022  7 20 12 37 55.653  156.4346311   64.1216630  268.9963604   -2.6183337   1106.511    947.289           29627.214             103.414         6        19   131.470825    21.309683    22.480    1     43683       9.765
2022  7 20 12 38  0.453  156.4345017   64.1208144  269.0164761   -2.6188995   1106.673    947.212           27908.567              98.774         6        19   131.470520    21.309931    22.470    1     43683      10.256
2022  7 20 12 38  5.253  156.4335878   64.1203632  269.0367477   -2.6189711   1106.556    947.262           27460.594             101.090         6        19   131.470200    21.310177    22.280    1     43683       9.855
2022  7 20 12 38 10.053  156.4334864   64.1200341  269.0566582   -2.6190610   1106.514    947.316           28465.347             100.278         7        19   131.469894    21.310423    22.390    1     43683      10.616
2022  7 20 12 38 14.853  156.4330909   64.1196599  269.0767671   -2.6191943   1106.512    947.322           28042.664             102.965         7        19   131.469650    21.310619    22.460    1     43683       9.878
2022  7 20 12 38 19.653  156.4326798   64.1190697  269.0968863   -2.6194765   1106.326    947.320           27453.580              98.079         7        19   131.469330    21.310865    22.520    1     43683       9.756
2022  7 20 12 38 24.453  156.4317384   64.1184608  269.1172425   -2.6196862   1106.236    947.155           28231.861              97.210         7        19   131.469025    21.311115    22.370    1     43683       9.653
2022  7 20 12 38 29.253  156.4325599   64.1179459  269.1368475   -2.6201000   1106.415    947.288           29590.448             100.266         7        19   131.468719    21.311359    22.550    1     43683      10.364
2022  7 20 12 38 34.053  156.4310783   64.1173317  269.1574251   -2.6202311   1106.213    947.290           27200.568              97.367         7        19   131.468414    21.311605    22.440    1     43683       8.736
2022  7 20 12 38 38.853  156.4312515   64.1170019  269.1772867   -2.6204124   1106.129    947.301           27544.762              98.234         7        19   131.468170    21.311804    22.430    1     43683      10.498
2022  7 20 12 38 43.653  156.4307648   64.1163741  269.1974655   -2.6207172   1106.081    947.189           27602.335              95.835         7        19   131.467865    21.312050    22.430    1     43683      10.217
2022  7 20 12 38 48.453  156.4298865   64.1159104  269.2177274   -2.6208042   1106.185    947.175           27884.870              96.496         7        19   131.467545    21.312298    22.600    1     43683      10.278
2022  7 20 12 38 53.253  156.4301012   64.1154434  269.2375608   -2.6210713   1106.138    947.361           27642.915              98.611         7        19   131.467239    21.312546    22.520    1     43683       9.622
2022  7 20 12 38 58.053  156.4295425   64.1148684  269.2577493   -2.6213134   1105.981    947.323           27386.987              97.701         7        19   131.466934    21.312794    22.520    1     43683       9.878
2022  7 20 12 39  2.853  156.4294663   64.1144722  269.2777368   -2.6215190   1105.892    947.223           26881.268              99.712         7        19   131.466690    21.312990    22.430    1     43683       9.475
2022  7 20 12 39  7.653  156.4283921   64.1138733  269.2981434   -2.6217018   1106.116    947.147           27473.791              95.373         7        19   131.466385    21.313236    22.530    1     43683       9.637
2022  7 20 12 39 12.453  156.4284746   64.1135786  269.3179675   -2.6217895   1105.824    947.338           28669.912             104.563         7        19   131.466080    21.313482    22.600    1     43683      10.809
2022  7 20 12 39 26.853  156.4275312   64.1120665  269.3782018   -2.6224871   1105.809    947.154           27750.631              95.991         7        19   131.465210    21.314175    22.500    1     43683       9.220
2022  7 20 12 39 31.653  156.4265255   64.1108528  269.3988090   -2.6232519   1105.643    947.331           29618.867              98.295         7        19   131.464905    21.314421    22.550    1     43683       9.108
2022  7 20 12 39 36.453  156.4270773   64.1111302  269.4182302   -2.6228823   1105.570    947.245           33623.767              97.207         7        19   131.464600    21.314669    22.540    1     43683       9.545
2022  7 20 12 39 41.253  156.4262431   64.1106744  269.4384853   -2.6229711   1105.644    947.171           27793.672              93.767         7        19   131.464294    21.314915    22.490    1     43683       9.778
2022  7 20 12 40 10.054  156.4244676   64.1076923  269.5588673   -2.6243107   1105.740    949.033           26056.645              92.043         8        19   131.462524    21.316336    22.590    1     43683       9.699
2022  7 20 12 40 14.854  156.4236216   64.1071430  269.5792092   -2.6245336   1105.569    948.963           26695.172              91.698         8        19   131.462265    21.316532    22.530    1     43683       9.694
2022  7 20 12 40 19.654  156.4235482   64.1070705  269.5990142   -2.6243897   1105.443    949.050           27487.880              98.064         8        19   131.461960    21.316778    22.560    1     43683      10.225
2022  7 20 12 40 24.454  156.4232220   64.1064377  269.6191298   -2.6247231   1105.398    948.899           25543.274              93.040         8        19   131.461655    21.317026    22.540    1     43683       9.894
2022  7 20 12 40 29.254  156.4225176   64.1057285  269.6394264   -2.6250702   1105.635    948.983           26452.945              93.064         8        19   131.461349    21.317270    22.630    1     43683       9.723
2022  7 20 12 40 34.054  156.4220948   64.1052066  269.6595401   -2.6252849   1105.213    949.002           28181.257              93.465         8        19   131.461044    21.317518    22.550    1     43683      10.095
2022  7 20 12 40 38.854  156.4218358   64.1047553  269.6796224   -2.6255091   1105.447    948.960           29150.204              99.365         8        19   131.460800    21.317717    22.680    1     43683      10.086
2022  7 20 12 40 43.654  156.4214873   64.1041895  269.6997222   -2.6257806   1105.302    948.946           28173.811              99.339         8        19   131.460495    21.317961    22.470    1     43683      10.399
2022  7 20 12 40 48.454  156.4208783   64.1036822  269.7199061   -2.6259536   1105.291    949.024           28137.534              99.836         8        19   131.460190    21.318207    22.620    1     43683      10.203
2022  7 20 12 40 53.254  156.4207496   64.1031474  269.7398893   -2.6262300   1105.007    949.027           28939.535              99.145         8        19   131.459869    21.318453    22.510    1     43683       9.728
2022  7 20 12 40 58.054  156.4203636   64.1026733  269.7599702   -2.6264024   1105.352    948.914           28445.570             100.320         8        19   131.459564    21.318705    22.730    1     43683       8.419
2022  7 20 12 41  2.854  156.4199325   64.1023560  269.7800726   -2.6264791   1104.990    949.094           27747.289              96.224         8        19   131.459320    21.318899    22.620    1     43683      10.188
2022  7 20 12 41  7.654  156.4201074   64.1018315  269.7999447   -2.6267912   1105.124    948.935           26953.341             100.061         8        19   131.459015    21.319149    22.410    1     43683       9.114
2022  7 20 12 41 12.454  156.4192989   64.1009455  269.8203503   -2.6272835   1105.277    948.927           26801.963              96.764         8        19   131.458710    21.319395    22.620    1     43683       9.715
2022  7 20 12 41 17.254  156.4186822   64.1007996  269.8404031   -2.6271196   1104.897    949.110           27961.652              96.692         8        19   131.458405    21.319641    22.720    1     43683       9.783
2022  7 20 12 41 22.054  156.4186667   64.1001609  269.8603939   -2.6275050   1105.051    948.917           27698.571              95.828         8        19   131.458099    21.319893    22.430    1     43683      10.477
2022  7 20 12 41 26.854  156.4183219   64.0997786  269.8804854   -2.6276541   1105.169    949.024           25842.543              94.178         8        19   131.457855    21.320089    22.630    1     43683       9.561
2022  7 20 12 41 31.654  156.4177483   64.0993247  269.9006351   -2.6277832   1104.876    949.021           25556.296              91.115         8        19   131.457550    21.320335    22.640    1     43683      10.473
2022  7 20 12 41 36.454  156.4174761   64.0986991  269.9207262   -2.6281186   1104.883    948.874           26555.814              95.754         8        19   131.457245    21.320583    22.570    1     43683      10.514
2022  7 20 12 42 29.254  156.4131724   64.0940918  270.1415217   -2.6296066   1104.578    949.067           27827.677              91.174         9        20   131.453995    21.323187    22.600    1     43683       9.978
2022  7 20 12 42 34.054  156.4123305   64.0928698  270.1620659   -2.6304055   1104.512    948.926           25706.012              93.322         9        20   131.453690    21.323433    22.640    1     43683       9.712
2022  7 20 12 42 38.855  156.4120719   64.0924789  270.1821289   -2.6305784   1104.442    948.970           27257.654              94.731         9        20   131.453445    21.323627    22.640    1     43683       9.391
2022  7 20 12 42 43.655  156.4116215   64.0919825  270.2022445   -2.6307699   1104.340    949.079           27764.831              98.970         9        20   131.453140    21.323870    22.710    1     43683       9.661
2022  7 20 12 42 48.455  156.4117634   64.0915711  270.2220880   -2.6309736   1104.364    948.886           27723.884              98.452         9        20   131.452835    21.324118    22.620    1     43683       8.950
2022  7 20 12 42 53.255  156.4111395   64.0908446  270.2423595   -2.6313496   1104.453    948.963           28372.798              97.370         9        20   131.452530    21.324362    22.620    1     43683       9.951
2022  7 20 12 42 58.055  156.4106581   64.0904200  270.2624610   -2.6314644   1104.154    948.981           26748.547              96.188         9        20   131.452225    21.324610    22.690    1     43683       9.620
2022  7 20 12 43  2.855  156.4103621   64.0897857  270.2826265   -2.6318535   1104.179    948.942           29873.805              98.890         9        20   131.451981    21.324808    22.630    1     43683       9.401
2022  7 20 12 43  7.655  156.4102435   64.0895225  270.3025197   -2.6318792   1104.374    948.999           27169.526              94.905         9        20   131.451675    21.325054    22.750    1     43683       9.105
2022  7 20 12 43 12.455  156.4095259   64.0889676  270.3227656   -2.6320787   1104.097    949.075           28284.460              97.745         9        20   131.451370    21.325300    22.620    1     43683       9.616
2022  7 20 12 43 17.255  156.4091993   64.0883574  270.3428732   -2.6323871   1104.075    948.948           28416.517             100.572         9        20   131.451065    21.325552    22.760    1     43683       9.641
2022  7 20 12 43 22.055  156.4089262   64.0880248  270.3628710   -2.6324503   1104.056    948.908           29648.518              98.177         9        20   131.450775    21.325800    22.430    1     43683       9.577
2022  7 20 12 43 26.855  156.4087295   64.0875436  270.3829392   -2.6327133   1104.133    948.959           26835.050              97.198         9        20   131.450531    21.325998    22.780    1     43683       9.443
2022  7 20 12 43 31.655  156.4083293   64.0870744  270.4030243   -2.6328807   1103.856    949.031           27292.458              95.482         9        20   131.450226    21.326248    22.610    1     43683       9.498
2022  7 20 12 43 36.455  156.4080030   64.0864744  270.4231280   -2.6331796   1104.050    948.937           28181.257              99.841         9        20   131.449921    21.326500    22.740    1     43683       9.367
2022  7 20 12 43 41.255  156.4072757   64.0860875  270.4433145   -2.6332195   1103.855    949.071           29139.216              99.511         9        20   131.449615    21.326748    22.710    1     43683       9.555
2022  7 20 12 43 46.055  156.4069328   64.0854914  270.4634395   -2.6335141   1103.891    948.935           28601.617              99.085         9        20   131.449326    21.326998    22.720    1     43683      10.517
2022  7 20 12 43 50.855  156.4067968   64.0850372  270.4834721   -2.6337559   1103.769    948.975           27812.640              96.648         9        20   131.449081    21.327202    22.680    1     43683       9.629
2022  7 20 12 43 55.655  156.4064713   64.0845764  270.5035237   -2.6339257   1103.926    948.970           27536.272              95.464         9        20   131.448776    21.327454    22.650    1     43683       9.249
2022  7 20 12 44  0.455  156.4059049   64.0841851  270.5236475   -2.6339958   1103.705    949.016           26568.672              93.294         9        20   131.448471    21.327702    22.630    1     43683       9.379
2022  7 20 12 45 46.056  156.3972667   64.0729965  270.9660537   -2.6387466   1102.909    948.963           29132.844              99.126         8         8   131.442032    21.332962    22.800    1     43683      10.240
2022  7 20 12 45 50.856  156.3976166   64.0728297  270.9857830   -2.6388063   1102.768    949.104           31199.501             101.426         8         8   131.441788    21.333160    22.730    1     43683      10.199
2022  7 20 12 45 55.656  156.3974980   64.0723132  271.0057714   -2.6390653   1102.879    949.015           29225.480              99.289         8         8   131.441483    21.333408    22.740    1     43683       9.934
2022  7 20 12 46  0.456  156.3961506   64.0717688  271.0262687   -2.6391526   1102.701    948.955           29310.541              99.411         8         8   131.441177    21.333654    22.720    1     43683       9.683
2022  7 20 12 46  5.256  156.3961990   64.0712064  271.0462064   -2.6394833   1102.672    949.069           29815.416             100.611         8         8   131.440872    21.333900    22.690    1     43683      10.640
2022  7 20 12 46 10.056  156.3959889   64.0706149  271.0662599   -2.6397990   1102.704    949.020           29970.206             101.111         8         8   131.440567    21.334146    22.720    1     43683       9.769
2022  7 20 12 46 14.856  156.3952069   64.0702406  271.0865264   -2.6398646   1102.675    949.015           30166.692             101.384         8         8   131.440323    21.334347    22.800    1     43683       9.633
2022  7 20 12 46 29.256  156.3942455   64.0686721  271.1467291   -2.6405686   1102.465    949.062           30599.260             105.030        39        11   131.439392    21.335083    22.750    1     43683       9.785
2022  7 20 12 46 34.056  156.3938930   64.0683210  271.1667512   -2.6406400   1102.372    949.086           30185.470             104.092        39        11   131.439087    21.335327    22.720    1     43683      10.532
2022  7 20 12 46 38.856  156.3936130   64.0676453  271.1869257   -2.6410688   1102.483    948.974           30065.117             101.206        39        11   131.438843    21.335526    22.730    1     43683       9.612
2022  7 20 12 46 43.656  156.3933173   64.0672587  271.2069379   -2.6411804   1102.291    949.056           30242.104             101.393        39        11   131.438538    21.335772    22.710    1     43683      10.537
2022  7 20 12 46 48.456  156.3929567   64.0668067  271.2269998   -2.6413402   1102.451    948.952           30828.819             102.790        39        11   131.438232    21.336020    22.820    1     43683      10.002
2022  7 20 12 46 53.256  156.3925470   64.0662705  271.2471140   -2.6415711   1102.188    949.056           30107.822              98.609        39        11   131.437927    21.336267    22.590    1     43683      10.692
2022  7 20 12 46 58.056  156.3920392   64.0656515  271.2672988   -2.6418630   1102.403    948.947           29937.133             100.472        39        11   131.437622    21.336514    22.710    1     43683      10.211
2022  7 20 12 47  2.856  156.3915947   64.0649553  271.2875329   -2.6422891   1102.134    949.092           30477.573              99.470        39        11   131.437363    21.336708    22.700    1     43683      10.683
2022  7 20 12 47  7.656  156.3914992   64.0646960  271.3074154   -2.6423170   1102.117    949.025           29785.737             102.897        39        11   131.437057    21.336952    22.750    1     43683      10.743
2022  7 20 12 47 12.456  156.3907117   64.0640799  271.3277129   -2.6425617   1102.194    949.020           29241.157             105.323        39        11   131.436752    21.337198    22.770    1     43683      10.626
2022  7 20 12 47 17.256  156.3904675   64.0634480  271.3477804   -2.6429112   1101.966    949.045           29566.136              99.470        39        11   131.436432    21.337442    22.650    1     43683       9.887
2022  7 20 12 49 36.457  156.3796227   64.0491359  271.9304730   -2.6489801   1102.709    949.648           28797.715             101.230         8        20   131.427841    21.344246    22.810    1     43683       9.902
2022  7 20 12 49 41.257  156.3795599   64.0487467  271.9503916   -2.6491339   1102.537    949.819           28842.278              96.353         8        20   131.427536    21.344490    22.720    1     43683      10.434
2022  7 20 12 49 46.057  156.3788511   64.0481277  271.9706584   -2.6493919   1102.725    949.692           28175.534             103.033         8        20   131.427231    21.344738    22.880    1     43683      10.201
2022  7 20 12 49 50.857  156.3786348   64.0478261  271.9906681   -2.6494877   1102.394    949.834           27622.505              97.840         8        20   131.426987    21.344933    22.640    1     43683       9.901
2022  7 20 12 49 55.657  156.3778381   64.0471140  272.0109894   -2.6498219   1102.594    949.649           27528.605             101.200         8        20   131.426666    21.345177    22.620    1     43683      10.217
2022  7 20 12 50  0.457  156.3780469   64.0468958  272.0307340   -2.6498689   1102.316    949.904           27918.336              96.562         8        20   131.426361    21.345413    22.970    1     43683      10.435
2022  7 20 12 50  5.257  156.3776204   64.0463817  272.0508470   -2.6500754   1102.348    949.671           29116.665             101.376         8        20   131.426056    21.345661    22.680    1     43683       9.902
2022  7 20 12 50 10.057  156.3770611   64.0458164  272.0710171   -2.6503158   1102.524    949.739           29149.284             101.873         8        20   131.425735    21.345901    22.840    1     43683      10.425
2022  7 20 12 50 14.857  156.3766439   64.0451724  272.0912360   -2.6506987   1102.092    949.844           28246.268              96.976         8        20   131.425491    21.346094    22.630    1     43683       9.951
2022  7 20 12 50 19.657  156.3762191   64.0448538  272.1112756   -2.6507280   1102.418    949.682           28189.282              99.520         8        20   131.425186    21.346338    22.720    1     43683       9.394
2022  7 20 12 50 24.457  156.3763438   64.0441164  272.1312325   -2.6512384   1102.090    949.922           28811.891              98.158         8        20   131.424866    21.346579    22.830    1     43683       9.998
2022  7 20 12 50 34.057  156.3753155   64.0434430  272.1713820   -2.6513074   1102.052    949.693           30744.785              96.792         8        20   131.424240    21.347061    22.610    1     43683      10.572
2022  7 20 12 50 38.857  156.3752286   64.0428404  272.1914511   -2.6517076   1102.202    949.851           32752.063             104.802         8        20   131.423996    21.347252    22.830    1     43683      10.058
2022  7 20 12 50 43.657  156.3744151   64.0421690  272.2117651   -2.6520051   1101.838    949.795           27961.716              98.675         8        20   131.423676    21.347492    22.630    1     43683      10.258
2022  7 20 12 50 48.457  156.3739190   64.0415577  272.2319417   -2.6522974   1101.946    949.720           29862.259             100.517         8        20   131.423370    21.347733    22.840    1     43683      10.626
2022  7 20 12 50 53.257  156.3742093   64.0415552  272.2515729   -2.6521535   1101.875    949.843           30289.224              99.255         8        20   131.423065    21.347973    22.690    1     43683      10.285
2022  7 20 12 50 58.057  156.3732294   64.0406026  272.2720593   -2.6526849   1101.865    949.796           29445.107             102.636         8        20   131.422745    21.348213    22.750    1     43683       9.462
2022  7 20 12 51  2.857  156.3728210   64.0404023  272.2921096   -2.6526554   1101.697    949.735           29431.955              99.623         8        20   131.422501    21.348408    22.810    1     43683      10.246
2022  7 20 12 51  7.657  156.3722427   64.0398480  272.3122834   -2.6528805   1101.694    949.651           29102.495             104.547         8        20   131.422180    21.348650    22.620    1     43683      10.442
2022  7 20 12 51 22.058  156.3710686   64.0383525  272.3725507   -2.6534983   1101.645    949.699           29360.579             102.523         9        20   131.421249    21.349369    22.790    1     43683      10.481
2022  7 20 12 51 26.858  156.3711183   64.0377576  272.3925464   -2.6539096   1101.541    949.862           31459.216             104.674         9        20   131.420990    21.349564    22.910    1     43683      10.367
2022  7 20 12 51 31.658  156.3703195   64.0374330  272.4127405   -2.6538836   1101.471    949.727           30779.452             105.668         9        20   131.420685    21.349808    22.620    1     43683       9.747
2022  7 20 12 51 36.458  156.3699824   64.0368275  272.4328353   -2.6541953   1101.638    949.750           29351.564              99.866         9        20   131.420364    21.350050    22.770    1     43683      10.275
2022  7 20 12 51 41.258  156.3695809   64.0361745  272.4529899   -2.6545408   1101.313    949.842           31532.430             104.898         9        20   131.420059    21.350292    22.770    1     43683      10.408
2022  7 20 12 51 46.058  156.3696518   64.0360391  272.4727598   -2.6544786   1101.492    949.783           30495.231             105.361         9        20   131.419754    21.350538    22.870    1     43683      10.475
2022  7 20 12 51 50.858  156.3691735   64.0353836  272.4929929   -2.6548583   1101.486    949.936           30638.401             102.972         9        20   131.419495    21.350735    22.770    1     43683      10.450
2022  7 20 12 51 55.658  156.3686812   64.0346470  272.5132146   -2.6552607   1101.298    949.788           29923.314             101.233         9        20   131.419189    21.350983    22.750    1     43683      10.467
2022  7 20 12 52  0.458  156.3681256   64.0345493  272.5332253   -2.6550596   1101.305    949.765           31859.603              98.363         9        20   131.418884    21.351231    22.690    1     43683      10.143
2022  7 20 12 52  5.258  156.3682829   64.0336153  272.5532422   -2.6557549   1101.427    949.898           30544.973             102.934         9        20   131.418564    21.351475    22.830    1     43683      10.342
2022  7 20 12 52 10.058  156.3675019   64.0331938  272.5734652   -2.6558196   1101.165    949.786           30545.944             102.629         9        20   131.418259    21.351721    22.760    1     43683      10.358
2022  7 20 12 52 14.858  156.3672262   64.0326914  272.5935579   -2.6560911   1101.173    949.793           31487.518             104.704         9        20   131.417999    21.351917    22.610    1     43683      10.121
2022  7 20 12 52 19.658  156.3668894   64.0322912  272.6135922   -2.6562104   1101.361    949.843           31271.685             104.890         9        20   131.417694    21.352161    22.870    1     43683      10.361
2022  7 20 12 52 24.458  156.3666537   64.0316547  272.6336583   -2.6565634   1100.986    949.941           31034.620             104.164         9        20   131.417374    21.352407    22.770    1     43683      10.247
2022  7 20 12 52 29.258  156.3658149   64.0310804  272.6539606   -2.6567567   1101.179    949.737           31403.989             104.940         9        20   131.417068    21.352657    22.710    1     43683      10.135
2022  7 20 12 52 34.058  156.3656994   64.0305056  272.6739699   -2.6570722   1101.031    949.857           31922.571             106.068         9        20   131.416763    21.352903    22.730    1     43683      10.119
2022  7 20 12 52 38.858  156.3654215   64.0301300  272.6940323   -2.6572207   1100.879    949.826           30715.925             106.152         9        20   131.416519    21.353104    22.680    1     43683      10.108
2022  7 20 12 52 43.658  156.3652348   64.0296590  272.7140169   -2.6574281   1101.109    949.838           31910.763             106.102         9        20   131.416199    21.353350    22.790    1     43683       9.800
2022  7 20 12 52 48.458  156.3645024   64.0290149  272.7343030   -2.6577074   1100.883    949.923           31671.163             105.513         9        20   131.415894    21.353596    22.740    1     43683       9.668
2022  7 20 12 52 53.258  156.3638589   64.0284512  272.7545070   -2.6579226   1100.790    949.810           30865.260             103.800         9        20   131.415573    21.353846    22.690    1     43683      10.346
2022  7 20 12 53 26.858  156.3613616   64.0250823  272.8951059   -2.6593325   1100.943    952.060           32099.039             106.885         7        20   131.413528    21.355482    22.720    1     43683      10.520
2022  7 20 12 53 31.658  156.3611282   64.0245767  272.9151375   -2.6595605   1101.062    952.156           30621.095             103.565         7        20   131.413223    21.355732    22.730    1     43683      10.371
2022  7 20 12 53 36.458  156.3604434   64.0240514  272.9353600   -2.6597353   1100.834    952.239           30499.959             106.060         7        20   131.412918    21.355980    22.800    1     43683      10.001
2022  7 20 12 53 46.058  156.3622526   64.0236776  272.9742433   -2.6599722   1101.079    952.448           43230.094             120.754         7        20   131.412292    21.356478    22.810    1     43683      10.148
2022  7 20 12 53 50.858  156.3594300   64.0225082  272.9956371   -2.6604441   1100.716    952.149           31732.638             106.057         7        20   131.412048    21.356678    22.670    1     43683      10.406
2022  7 20 12 53 55.658  156.3592817   64.0219769  273.0156436   -2.6607118   1100.656    952.218           30090.733             102.241         7        20   131.411743    21.356926    22.750    1     43683      10.480
2022  7 20 12 54  0.458  156.3587940   64.0214483  273.0357872   -2.6609197   1100.643    952.170           31067.334             104.811         7        20   131.411438    21.357176    22.840    1     43683      10.375
2022  7 20 12 54  5.259  156.3581593   64.0208828  273.0559935   -2.6611379   1100.666    952.138           31458.292             103.012         7        20   131.411118    21.357426    22.740    1     43683      10.031
2022  7 20 12 54 10.059  156.3578765   64.0204944  273.0760005   -2.6612510   1100.636    952.352           30943.862             116.506         7        20   131.410812    21.357674    22.740    1     43683       9.608
2022  7 20 12 54 14.859  156.3572904   64.0199260  273.0962603   -2.6615292   1100.360    952.142           31309.058             105.150         7        20   131.410568    21.357874    22.720    1     43683       9.795
2022  7 20 12 54 19.659  156.3575942   64.0194618  273.1160577   -2.6618102   1100.661    952.208           30234.090             103.120         7        20   131.410263    21.358120    22.850    1     43683      10.485
2022  7 20 12 54 24.459  156.3568137   64.0188693  273.1363294   -2.6620297   1100.293    952.265           31603.059             106.136         7        20   131.409943    21.358370    22.800    1     43683      10.180
2022  7 20 12 54 29.259  156.3565425   64.0183155  273.1563932   -2.6622943   1100.365    952.128           31243.899             108.199         7        20   131.409637    21.358622    22.850    1     43683       9.801
2022  7 20 12 54 34.059  156.3563685   64.0179075  273.1763642   -2.6624433   1100.518    952.194           30857.761             107.307         7        20   131.409332    21.358870    22.770    1     43683      10.178
2022  7 20 12 54 38.859  156.3557115   64.0172880  273.1966570   -2.6627613   1100.166    952.270           30525.076             106.554         7        20   131.409073    21.359066    22.850    1     43683       9.543
2022  7 20 12 54 43.659  156.3551530   64.0167794  273.2168220   -2.6629391   1100.269    952.095           30553.841             103.772         7        20   131.408768    21.359316    22.830    1     43683       9.900
2022  7 20 12 54 58.059  156.3541558   64.0151136  273.2770771   -2.6637168   1100.157    952.201           31310.830             105.544         7        20   131.407837    21.360062    22.860    1     43683       9.769
2022  7 20 12 55 31.659  156.3518006   64.0115722  273.4177448   -2.6653529   1102.171    953.383           30257.847             106.680         8        19   131.405853    21.361654    22.830    1     43683       9.963
2022  7 20 12 55 36.459  156.3515177   64.0110588  273.4377994   -2.6655781   1102.300    953.377           31837.637             110.469         8        19   131.405548    21.361906    22.850    1     43683       9.952
2022  7 20 12 55 50.859  156.3510600   64.0095671  273.4978314   -2.6663176   1101.938    953.536           30858.664              99.666         8        19   131.404678    21.362616    22.930    1     43683      10.097
2022  7 20 12 55 55.659  156.3498517   64.0087854  273.5183628   -2.6666399   1101.808    953.286           32033.112             110.957         8        19   131.404373    21.362869    22.770    1     43683      10.273
2022  7 20 12 56  0.459  156.3495917   64.0084757  273.5383323   -2.6666778   1102.040    953.343           31389.997             109.530         8        19   131.404068    21.363123    22.920    1     43683       9.763
2022  7 20 12 56  5.259  156.3494479   64.0080884  273.5582833   -2.6668066   1101.682    953.459           31204.733             112.832         8        19   131.403763    21.363377    22.820    1     43683      10.125
2022  7 20 12 56 10.059  156.3485865   64.0074903  273.5786051   -2.6670150   1101.865    953.289           30756.086             111.407         8        19   131.403458    21.363630    23.050    1     43683       9.891
2022  7 20 12 56 14.859  156.3486461   64.0069338  273.5985977   -2.6673864   1101.738    953.426           32185.461             114.748         8        19   131.403214    21.363831    22.750    1     43683       9.988
2022  7 20 12 56 19.659  156.3483721   64.0064071  273.6186528   -2.6676263   1101.669    953.486           30379.067             115.867         8        19   131.402908    21.364082    22.860    1     43683      10.451
2022  7 20 12 56 24.459  156.3479785   64.0062743  273.6385958   -2.6674820   1101.537    953.445           31710.417             110.167         8        19   131.402588    21.364332    23.000    1     43683       9.947
2022  7 20 12 56 29.259  156.3473387   64.0056474  273.6588381   -2.6677523   1101.642    953.261           31599.647             106.263         8        19   131.402283    21.364586    22.740    1     43683       9.761
2022  7 20 12 56 34.059  156.3471598   64.0049994  273.6789006   -2.6681212   1101.621    953.502           31188.266             108.702         8        19   131.401978    21.364836    22.930    1     43683       9.950
2022  7 20 12 56 38.859  156.3464074   64.0045288  273.6991909   -2.6682814   1101.343    953.344           32783.840             109.171         8        19   131.401733    21.365036    22.900    1     43683       9.825
2022  7 20 12 56 43.659  156.3463548   64.0040838  273.7191264   -2.6684845   1101.534    953.413           31142.598             108.350         8        19   131.401428    21.365284    22.890    1     43683       9.947
2022  7 20 12 56 48.459  156.3461817   64.0035092  273.7391592   -2.6687863   1101.462    953.475           30669.025             107.564         8        19   131.401123    21.365534    22.800    1     43683      10.135
2022  7 20 12 56 53.259  156.3458268   64.0028940  273.7592812   -2.6690981   1101.186    953.481           32134.259             110.989         8        19   131.400818    21.365782    22.910    1     43683       9.918
2022  7 20 12 56 58.060  156.3450294   64.0025289  273.7794944   -2.6691037   1101.474    953.315           31495.926             106.767         8        19   131.400513    21.366032    22.870    1     43683       9.887
2022  7 20 12 57  2.860  156.3455407   64.0020565  273.7992557   -2.6694754   1101.178    953.579           32652.035             109.490         8        19   131.400253    21.366228    22.940    1     43683       9.932
2022  7 20 12 57 12.460  156.3441311   64.0008682  273.8397841   -2.6699380   1101.240    953.352           32376.253             111.794         5        20   131.399658    21.366732    22.810    1     43683       9.784
2022  7 20 12 57 17.260  156.3441590   64.0002940  273.8597349   -2.6702721   1101.051    953.524           32152.227             111.175         5        20   131.399353    21.366982    22.920    1     43683      10.074
2022  7 20 12 57 22.060  156.3433121   63.9995830  273.8800930   -2.6705897   1100.971    953.280           30466.118             107.039         5        20   131.399048    21.367233    22.860    1     43683      10.217
2022  7 20 12 57 26.860  156.3433726   63.9993037  273.8999820   -2.6707057   1100.984    953.480           31290.411             109.194         5        20   131.398804    21.367432    22.880    1     43683      10.037
2022  7 20 12 57 31.660  156.3428877   63.9987115  273.9201484   -2.6709730   1100.920    953.379           33356.785             113.956         5        20   131.398499    21.367682    22.760    1     43683      10.332
2022  7 20 12 57 36.460  156.3424469   63.9982602  273.9402434   -2.6711195   1100.993    953.401           33956.395             115.721         5        20   131.398193    21.367929    22.800    1     43683       9.830
2022  7 20 12 57 41.260  156.3421260   63.9977751  273.9603031   -2.6713141   1100.768    953.423           33851.728             112.166         5        20   131.397888    21.368179    22.940    1     43683       9.891
2022  7 20 12 57 46.060  156.3417149   63.9972312  273.9804216   -2.6715486   1100.787    953.298           32041.813             110.796         5        20   131.397583    21.368429    22.780    1     43683       9.880
2022  7 20 12 57 50.860  156.3415735   63.9966921  274.0004896   -2.6718719   1100.850    953.459           32182.034             111.626         5        20   131.397339    21.368629    22.810    1     43683       9.933
2022  7 20 12 57 55.660  156.3407269   63.9961788  274.0207740   -2.6720069   1100.668    953.386           32024.591             110.909         5        20   131.397034    21.368879    22.920    1     43683       9.941
2022  7 20 12 58  0.460  156.3408125   63.9957957  274.0406141   -2.6721731   1100.561    953.403           32719.273             116.630         5        20   131.396713    21.369129    22.820    1     43683       8.632
2022  7 20 12 58  5.260  156.3403892   63.9952022  274.0607560   -2.6724516   1100.728    953.420           32227.547             111.665         5        20   131.396408    21.369379    22.890    1     43683      10.501
2022  7 20 12 58 10.060  156.3399804   63.9947975  274.0808216   -2.6725571   1100.401    953.378           32616.435             112.569         5        20   131.396103    21.369629    22.820    1     43683      10.376
2022  7 20 12 58 14.860  156.3398704   63.9941754  274.1009078   -2.6729626   1100.600    953.413           31445.111             109.499         5        20   131.395859    21.369829    22.990    1     43683      10.050
2022  7 20 12 58 19.660  156.3396419   63.9936813  274.1209333   -2.6731767   1100.319    953.475           32590.508             112.549         5        20   131.395554    21.370083    22.830    1     43683       9.364
2022  7 20 12 58 24.460  156.3389589   63.9932588  274.1411162   -2.6732540   1100.392    953.438           33424.583             113.755         5        20   131.395248    21.370333    22.910    1     43683       9.861
2022  7 20 12 58 29.260  156.3385876   63.9925414  274.1612831   -2.6736550   1100.211    953.397           32669.506             112.493         5        20   131.394943    21.370584    22.740    1     43683      10.220
2022  7 20 12 58 34.060  156.3382859   63.9921020  274.1813180   -2.6738122   1100.197    953.291           32709.031             112.718         5        20   131.394638    21.370832    22.840    1     43683      10.094
2022  7 20 12 58 38.860  156.3382535   63.9916758  274.2012996   -2.6740495   1100.364    953.383           30591.627             108.210         5        20   131.394394    21.371031    22.910    1     43683       8.313
2022  7 20 12 58 43.660  156.3382578   63.9910169  274.2212917   -2.6744604   1099.943    953.510           32453.666             113.876         5        20   131.394089    21.371279    22.880    1     43683       9.968
2022  7 20 13  0 34.061  156.3295180   63.9789639  274.6837091   -2.6797080   1097.734    952.181           33284.727             114.047         7        20   131.387222    21.376862    22.570    1     43683      10.471
2022  7 20 13  0 38.861  156.3292395   63.9784558  274.7038216   -2.6799801   1097.608    952.126           34353.357             110.464         7        20   131.386978    21.377062    22.610    1     43683      10.540
2022  7 20 13  0 43.661  156.3285637   63.9780239  274.7240064   -2.6800672   1097.785    952.162           34184.094             112.916         7        20   131.386673    21.377312    22.660    1     43683      10.424
2022  7 20 13  0 48.461  156.3283413   63.9775044  274.7440240   -2.6803087   1097.587    952.229           34612.530             117.096         7        20   131.386353    21.377563    22.650    1     43683      10.121
2022  7 20 13  0 53.261  156.3278240   63.9770155  274.7641644   -2.6804726   1097.516    952.144           34201.944             116.137         7        20   131.386047    21.377815    22.640    1     43683      10.116
2022  7 20 13  0 58.061  156.3277066   63.9764496  274.7841715   -2.6807733   1097.537    952.136           35253.314             118.544         7        20   131.385742    21.378067    22.530    1     43683      10.327
2022  7 20 13  1  2.861  156.3271645   63.9759219  274.8044137   -2.6810186   1097.378    952.144           34622.069             117.340         7        20   131.385513    21.378269    22.590    1     43683      10.654
2022  7 20 13  1  7.661  156.3267901   63.9751953  274.8245705   -2.6814244   1097.409    952.157           36883.305             113.382         7        20   131.385193    21.378523    22.540    1     43683      10.746
2022  7 20 13  1 12.461  156.3267807   63.9750619  274.8443723   -2.6813433   1097.412    952.256           35140.041             114.743         7        20   131.384888    21.378773    22.640    1     43683      10.524
2022  7 20 13  1 17.261  156.3262189   63.9743553  274.8646131   -2.6817020   1097.151    952.113           34184.244             112.393         7        20   131.384583    21.379025    22.570    1     43683       9.693
2022  7 20 13  1 22.061  156.3259082   63.9738079  274.8846911   -2.6819530   1097.248    952.083           34593.217             113.326         7        20   131.384277    21.379278    22.530    1     43683       9.671
2022  7 20 13  1 26.861  156.3255832   63.9731568  274.9048758   -2.6823501   1097.152    952.169           34927.635             111.265         7        20   131.384033    21.379478    22.510    1     43683      10.282
2022  7 20 13  1 31.661  156.3253052   63.9726966  274.9249091   -2.6825285   1097.136    952.199           35404.243             112.272         7        20   131.383728    21.379728    22.640    1     43683      10.007
2022  7 20 13  1 36.461  156.3253603   63.9722152  274.9448143   -2.6827809   1096.911    952.187           34875.545             113.683         7        20   131.383423    21.379978    22.440    1     43683      10.450
2022  7 20 13  1 41.261  156.3248808   63.9715681  274.9649994   -2.6830997   1097.097    952.118           34070.756             109.924         7        20   131.383118    21.380228    22.720    1     43683      10.653
2022  7 20 13  1 46.061  156.3244164   63.9711869  274.9850781   -2.6831723   1096.719    952.210           35484.435             112.452         7        20   131.382812    21.380480    22.360    1     43683       9.748
2022  7 20 13  1 50.861  156.3240873   63.9705814  275.0052476   -2.6835225   1096.973    952.077           33899.163             108.830         7        20   131.382568    21.380684    22.520    1     43683      10.090
2022  7 20 13  1 55.661  156.3237003   63.9701455  275.0253013   -2.6836624   1096.776    952.177           35280.046             114.094         7        20   131.382248    21.380932    22.590    1     43683      10.069
2022  7 20 13  2  0.461  156.3234451   63.9697034  275.0453185   -2.6838315   1096.614    952.216           35781.355             115.189         7        20   131.381943    21.381178    22.390    1     43683      10.156
2022  7 20 13  2  5.261  156.3231993   63.9690081  275.0654262   -2.6842353   1096.747    952.152           34350.758             110.122         7        20   131.381638    21.381426    22.660    1     43683      10.320
2022  7 20 13  2 38.862  156.3202553   63.9652611  275.2063717   -2.6859086   1096.193    952.030           33859.009             108.516         7        20   131.379608    21.383074    22.410    1     43683      10.046
2022  7 20 13  2 43.662  156.3202964   63.9647411  275.2262971   -2.6861985   1096.358    952.229           33861.518             111.458         7        20   131.379303    21.383320    22.690    1     43683      10.211
2022  7 20 13  2 48.462  156.3198479   63.9641737  275.2464248   -2.6864463   1096.080    952.121           33519.693             113.577         7        20   131.378983    21.383572    22.630    1     43683       9.513
2022  7 20 13  2 53.262  156.3197407   63.9636995  275.2663927   -2.6866695   1096.244    952.176           35234.090             114.054         7        20   131.378677    21.383818    22.640    1     43683       9.047
2022  7 20 13  2 58.062  156.3192375   63.9631372  275.2865559   -2.6869057   1095.947    952.212           33395.064             109.543         7        20   131.378372    21.384068    22.470    1     43683       9.499
2022  7 20 13  3  2.862  156.3186967   63.9626414  275.3067710   -2.6871273   1096.191    952.070           32100.307             104.705         7        20   131.378128    21.384264    22.690    1     43683      10.510
2022  7 20 13  3  7.662  156.3186356   63.9621333  275.3267337   -2.6873894   1095.895    952.237           32958.535             106.449         7        20   131.377823    21.384510    22.700    1     43683       9.147
2022  7 20 13  3 12.462  156.3184358   63.9608829  275.3470137   -2.6883157   1095.769    952.137           37640.522             111.439         7        20   131.377502    21.384758    22.630    1     43683      10.183
2022  7 20 13  3 17.262  156.3183874   63.9608736  275.3667853   -2.6881189   1095.982    952.178           34735.282             106.212         7        20   131.377197    21.385002    22.560    1     43683      10.684
2022  7 20 13  3 22.062  156.3173353   63.9606388  275.3870503   -2.6879634   1095.744    952.166           32837.376             108.803         7        20   131.376892    21.385250    22.590    1     43683      10.193
2022  7 20 13  3 26.862  156.3173399   63.9602575  275.4070003   -2.6881669   1095.942    952.293           31588.892             109.329         7        20   131.376648    21.385447    22.750    1     43683      10.322
2022  7 20 13  3 31.662  156.3165084   63.9598045  275.4272416   -2.6882500   1095.629    952.160           31437.214             104.822         7        20   131.376328    21.385695    22.580    1     43683       9.534
2022  7 20 13  3 41.262  156.3163476   63.9587222  275.4672065   -2.6888291   1095.518    952.307           32907.669             104.158         7        20   131.375717    21.386187    22.540    1     43683       9.611
2022  7 20 13  3 46.062  156.3154682   63.9579181  275.4876134   -2.6892302   1095.760    952.158           31312.622             105.401         7        20   131.375412    21.386435    22.690    1     43683       9.367
2022  7 20 13  3 50.862  156.3151202   63.9576274  275.5075971   -2.6892436   1095.512    952.334           32049.776             114.077         7        20   131.375092    21.386681    22.610    1     43683      10.156
2022  7 20 13  3 55.662  156.3145789   63.9570871  275.5278280   -2.6895024   1095.434    952.136           33150.077             112.782         7        20   131.374847    21.386881    22.560    1     43683       9.516
2022  7 20 13  4  0.462  156.3146536   63.9564900  275.5477685   -2.6898673   1095.561    952.229           32521.571             111.212         7        20   131.374542    21.387129    22.670    1     43683      10.491
2022  7 20 13  4  5.262  156.3141374   63.9558157  275.5679789   -2.6902072   1095.236    952.233           33645.370             110.523         7        20   131.374237    21.387377    22.540    1     43683       9.789
2022  7 20 13  4 10.062  156.3140449   63.9552495  275.5879611   -2.6905141   1095.296    952.243           33251.274             109.932         7        20   131.373917    21.387627    22.610    1     43683      10.286
2022  7 20 13  4 38.862  156.3122120   63.9522085  275.7084385   -2.6919166   1096.247    953.844           32041.858             107.410         7        20   131.372192    21.389025    22.530    1     43683      10.469
2022  7 20 13  4 43.662  156.3123025   63.9516852  275.7283450   -2.6922107   1096.353    953.950           33278.309             108.901         7        20   131.371887    21.389278    22.740    1     43683       9.944
2022  7 20 13  4 48.462  156.3115532   63.9512192  275.7485729   -2.6923133   1095.961    954.026           32581.420             108.677         7        20   131.371582    21.389532    22.500    1     43683      10.290
2022  7 20 13  4 53.262  156.3112548   63.9504624  275.7687251   -2.6927555   1096.273    953.868           32931.159             110.237         7        20   131.371277    21.389790    22.730    1     43683       9.481
2022  7 20 13  4 58.062  156.3110357   63.9499285  275.7887619   -2.6930067   1095.871    954.031           32319.238             108.396         7        20   131.370972    21.390045    22.530    1     43683       9.504
2022  7 20 13  5  2.862  156.3108122   63.9494250  275.8088505   -2.6932775   1095.991    953.868           32728.296             106.507         7        20   131.370728    21.390251    22.580    1     43683      10.191
2022  7 20 13  5  7.662  156.3100984   63.9488951  275.8290867   -2.6934451   1095.977    954.007           33467.987             108.823         7        20   131.370422    21.390505    22.690    1     43683       8.818
2022  7 20 13  5 12.462  156.3097032   63.9486564  275.8491003   -2.6933917   1095.751    953.970           34758.773             107.361         7        20   131.370132    21.390762    22.670    1     43683      10.665
2022  7 20 13  5 17.262  156.3096008   63.9479379  275.8691583   -2.6938284   1095.809    953.895           32823.754             109.424         7        20   131.369827    21.391022    22.620    1     43683       9.742
2022  7 20 13  5 22.062  156.3091300   63.9471768  275.8893826   -2.6942493   1095.773    953.889           35777.420             112.942         7        20   131.369522    21.391277    22.500    1     43683      10.294
2022  7 20 13  5 26.862  156.3084718   63.9470227  275.9095183   -2.6941286   1095.824    954.079           32113.376             107.778         7        20   131.369278    21.391479    22.820    1     43683      10.180
2022  7 20 13  5 31.663  156.3084537   63.9461977  275.9295858   -2.6946820   1095.498    953.929           33309.658             109.805         7        20   131.368973    21.391735    22.470    1     43683      10.256
2022  7 20 13  5 36.463  156.3078589   63.9457875  275.9497299   -2.6947579   1095.756    953.916           33643.522             108.178         7        20   131.368668    21.391989    22.640    1     43683      10.211
2022  7 20 13  5 41.263  156.3075803   63.9453725  275.9697457   -2.6948911   1095.451    953.992           34446.172             112.274         7        20   131.368362    21.392242    22.600    1     43683      10.560
2022  7 20 13  5 46.063  156.3075403   63.9448262  275.9897141   -2.6951841   1095.595    953.989           34310.005             109.219         7        20   131.368057    21.392496    22.690    1     43683      10.640
2022  7 20 13  5 50.863  156.3069147   63.9443345  276.0099624   -2.6953839   1095.414    954.063           33457.794             109.117         7        20   131.367813    21.392696    22.600    1     43683       9.925
2022  7 20 13  5 55.663  156.3067764   63.9437805  276.0299739   -2.6956720   1095.392    953.885           32246.218             106.466         7        20   131.367508    21.392946    22.550    1     43683      10.441
2022  7 20 13  6  0.463  156.3061855   63.9432436  276.0501476   -2.6958720   1095.502    954.034           33171.097             108.853         7        20   131.367187    21.393194    22.680    1     43683      10.820
2022  7 20 13  6  5.263  156.3057840   63.9426308  276.0702884   -2.6961716   1095.144    954.003           33582.360             109.255         7        20   131.366882    21.393444    22.610    1     43683      10.918
2022  7 20 13  6 10.063  156.3059682   63.9422831  276.0900913   -2.6963249   1095.278    953.985           32793.704             106.574         7        20   131.366577    21.393690    22.550    1     43683      10.673
2022  7 20 13  7 22.063  156.2998301   63.9342861  276.3918051   -2.6999975   1094.352    953.950           31438.106             105.372         6        20   131.362000    21.397127    22.410    1     43683      10.736
2022  7 20 13  7 26.863  156.2996761   63.9337574  276.4118740   -2.7003176   1094.540    954.015           32331.663             105.038         6        20   131.361755    21.397318    22.610    1     43683      10.770
2022  7 20 13  7 31.663  156.2989586   63.9331553  276.4321249   -2.7005672   1094.368    954.020           32222.364             105.171         6        20   131.361435    21.397556    22.600    1     43683      10.460
2022  7 20 13  7 36.463  156.2987404   63.9326004  276.4521545   -2.7008497   1094.155    954.004           33249.603             103.927         6        20   131.361115    21.397799    22.460    1     43683       9.976
2022  7 20 13  7 41.263  156.2986849   63.9321618  276.4720732   -2.7010540   1094.430    953.985           32903.369             106.216         6        20   131.360794    21.398039    22.430    1     43683       9.847
2022  7 20 13  7 46.063  156.2980115   63.9314773  276.4923519   -2.7013872   1094.182    954.064           33065.367             106.692         6        20   131.360489    21.398277    22.550    1     43683      10.108
2022  7 20 13  7 50.863  156.2982031   63.9310540  276.5122253   -2.7016622   1094.118    953.972           32272.981             104.269         6        20   131.360229    21.398472    22.380    1     43683      10.374
2022  7 20 13  7 55.663  156.2977199   63.9306637  276.5323017   -2.7017516   1094.348    954.031           32078.369             101.594         6        20   131.359909    21.398712    22.570    1     43683      10.580
2022  7 20 13  8  0.463  156.2971815   63.9299774  276.5525260   -2.7021067   1094.019    954.052           33680.200             107.204         6        20   131.359604    21.398952    22.370    1     43683      10.163
2022  7 20 13  8  5.263  156.2967944   63.9294462  276.5726146   -2.7023415   1094.159    953.943           33025.890             105.944         6        20   131.359283    21.399193    22.440    1     43683      10.269
2022  7 20 13  8 10.063  156.2963821   63.9288909  276.5927236   -2.7025976   1094.195    954.046           33330.169             110.436         6        20   131.358963    21.399431    22.470    1     43683      10.254
2022  7 20 13  8 14.863  156.2963529   63.9285276  276.6126658   -2.7027808   1093.957    954.102           33117.716             106.873         6        20   131.358704    21.399626    22.470    1     43683      10.186
2022  7 20 13  8 19.663  156.2962485   63.9279324  276.6326779   -2.7031204   1093.984    953.914           32831.977             108.083         6        20   131.358398    21.399868    22.300    1     43683      10.433
2022  7 20 13  8 24.464  156.2953166   63.9273524  276.6530125   -2.7033142   1094.145    954.027           31294.696              99.526         6        20   131.358078    21.400106    22.420    1     43683      10.604
2022  7 20 13  8 29.264  156.2947788   63.9269065  276.6731469   -2.7034473   1093.848    954.081           32523.201             105.007         6        20   131.357773    21.400345    22.400    1     43683      10.257
2022  7 20 13  8 34.064  156.2943981   63.9262454  276.6932814   -2.7038046   1093.909    954.047           32709.424             105.077         6        20   131.357452    21.400585    22.520    1     43683      10.194
2022  7 20 13  8 38.864  156.2943007   63.9259370  276.7132310   -2.7039276   1093.650    953.967           32139.904             103.850         6        20   131.357193    21.400778    22.130    1     43683      10.506
2022  7 20 13  8 43.664  156.2941014   63.9253671  276.7332735   -2.7042301   1093.910    954.024           33727.677             107.675         6        20   131.356888    21.401018    22.480    1     43683      10.194
2022  7 20 13  8 48.464  156.2937113   63.9248802  276.7533469   -2.7044244   1093.689    954.145           31950.776             103.966         6        20   131.356567    21.401258    22.550    1     43683       9.816
2022  7 20 13  8 53.264  156.2932139   63.9242208  276.7735295   -2.7047561   1093.685    954.027           33748.882             104.442         6        20   131.356247    21.401503    22.250    1     43683      10.338
2022  7 20 13  9 22.064  156.2905603   63.9210996  276.8942678   -2.7060990   1094.197    954.059           31771.138             103.057         7        20   131.354416    21.402899    22.420    1     43683      10.450
2022  7 20 13  9 26.864  156.2905808   63.9207096  276.9142147   -2.7063160   1094.096    953.885           34165.501             106.616         7        20   131.354172    21.403093    22.360    1     43683      10.311
2022  7 20 13  9 31.664  156.2903845   63.9200616  276.9342691   -2.7066905   1094.129    954.030           31674.943             100.770         7        20   131.353851    21.403334    22.450    1     43683      10.408
2022  7 20 13  9 36.464  156.2899673   63.9195711  276.9543560   -2.7068796   1093.902    953.984           31129.301             101.604         7        20   131.353531    21.403578    22.380    1     43683      10.655
2022  7 20 13  9 41.264  156.2892532   63.9189582  276.9746088   -2.7071356   1093.894    953.886           32448.093             104.679         7        20   131.353210    21.403820    22.290    1     43683      10.434
2022  7 20 13  9 46.064  156.2889210   63.9184655  276.9946768   -2.7073466   1093.914    954.030           31363.053             102.634         7        20   131.352905    21.404058    22.370    1     43683      10.535
2022  7 20 13  9 50.864  156.2891597   63.9180761  277.0145194   -2.7075959   1093.860    953.952           33670.207             107.052         7        20   131.352646    21.404255    22.370    1     43683      10.356
2022  7 20 13  9 55.664  156.2882268   63.9175261  277.0348381   -2.7077596   1093.801    954.056           33509.704             106.854         7        20   131.352325    21.404495    22.440    1     43683      10.562
2022  7 20 13 10  0.464  156.2878890   63.9170035  277.0549196   -2.7079896   1093.601    953.931           32707.446             102.139         7        20   131.352020    21.404741    22.340    1     43683      10.259
2022  7 20 13 10  5.264  156.2879512   63.9164545  277.0748325   -2.7083126   1093.737    953.956           32797.241             105.319         7        20   131.351700    21.404984    22.450    1     43683      10.788
2022  7 20 13 10 10.064  156.2875298   63.9160060  277.0949045   -2.7084660   1093.704    953.967           33881.160             107.552         7        20   131.351379    21.405224    22.260    1     43683      10.439
2022  7 20 13 10 14.864  156.2871798   63.9155986  277.1150092   -2.7086403   1093.484    954.062           34373.749             108.569         7        20   131.351135    21.405416    22.380    1     43683      10.266
2022  7 20 13 10 19.664  156.2867911   63.9147930  277.1352021   -2.7091274   1093.627    953.931           32804.574             102.944         7        20   131.350815    21.405659    22.430    1     43683      10.276
2022  7 20 13 10 24.464  156.2860704   63.9142762  277.1554218   -2.7092932   1093.318    954.007           32982.626             105.279         7        20   131.350494    21.405901    22.250    1     43683      10.340
2022  7 20 13 10 29.264  156.2855682   63.9139341  277.1754881   -2.7093326   1093.534    953.918           34179.589             107.921         7        20   131.350174    21.406143    22.260    1     43683       9.493
2022  7 20 13 10 34.064  156.2850517   63.9134450  277.1956151   -2.7095090   1093.269    954.070           32668.089             104.695         7        20   131.349854    21.406382    22.330    1     43683      10.312
2022  7 20 13 10 38.864  156.2851999   63.9128034  277.2156027   -2.7099804   1093.378    953.923           33487.155             106.134         7        20   131.349609    21.406576    22.300    1     43683      10.571
2022  7 20 13 10 43.664  156.2845648   63.9120532  277.2358757   -2.7103797   1093.281    954.094           33446.716             106.662         7        20   131.349289    21.406815    22.380    1     43683      10.787
2022  7 20 13 10 48.464  156.2845193   63.9116667  277.2557720   -2.7105312   1093.077    953.996           33686.568             106.946         7        20   131.348969    21.407061    22.310    1     43683      10.864
2022  7 20 13 10 53.264  156.2838856   63.9110841  277.2759808   -2.7107742   1093.275    954.007           32836.801             107.806         7        20   131.348648    21.407301    22.250    1     43683      10.639
