2022  7 17 15  7 27.849  219.1147163   74.7660619  300.6999886   -1.2852382   1069.748    987.079           50551.941             103.957         4        19   148.245499    10.690821    15.780    1     43683       9.647
2022  7 17 15  7 32.649  219.1136558   74.7662315  300.7200014   -1.2851784   1069.774    986.812           51449.365             105.552         4        19   148.245132    10.690960    15.790    1     43683      10.353
2022  7 17 15  7 37.449  219.1092901   74.7657949  300.7403188   -1.2861371   1069.849    987.273           52499.386             106.699         4        19   148.244766    10.691095    15.970    1     43683      10.013
2022  7 17 15  7 42.249  219.1089541   74.7662010  300.7603154   -1.2857756   1069.624    987.233           50440.969             101.484         4        19   148.244385    10.691232    15.920    1     43683      10.345
2022  7 17 15  7 47.049  219.1072058   74.7661258  300.7803185   -1.2860189   1069.746    986.811           51566.307             108.980         4        19   148.244019    10.691372    15.880    1     43683      10.312
2022  7 17 15  7 51.849  219.1033310   74.7656112  300.8005624   -1.2869823   1069.865    987.106           49672.130             102.519         4        19   148.243729    10.691483    16.050    1     43683      10.289
2022  7 17 15  7 56.649  219.1016699   74.7658311  300.8207151   -1.2869800   1069.561    987.115           50886.588             104.680         4        19   148.243347    10.691623    16.140    1     43683      10.136
2022  7 17 15  8  1.449  219.0995111   74.7658075  300.8408349   -1.2872479   1069.721    986.767           48300.729             104.150         4        19   148.242981    10.691765    16.070    1     43683      10.316
2022  7 17 15  8  6.249  219.0965506   74.7656416  300.8610315   -1.2877649   1069.721    986.953           50391.191             107.476         4        19   148.242615    10.691900    16.070    1     43683      10.239
2022  7 17 15  8 11.049  219.0934074   74.7655472  300.8812941   -1.2882557   1069.695    987.040           52896.269             107.679         4        19   148.242233    10.692035    16.070    1     43683      10.142
2022  7 17 15  8 15.849  219.0923999   74.7654869  300.9012299   -1.2883989   1069.582    987.260           54770.650             104.845         4        19   148.241943    10.692142    16.150    1     43683      10.314
2022  7 17 15  8 20.649  219.0904394   74.7655990  300.9213783   -1.2885318   1069.576    986.782           49159.979             102.304         4        19   148.241562    10.692280    16.170    1     43683      10.347
2022  7 17 15  8 25.449  219.0871567   74.7651099  300.9414406   -1.2893497   1069.753    986.941           50865.170             108.151         4        19   148.241196    10.692420    16.250    1     43683      10.156
2022  7 17 15  8 30.249  219.0851732   74.7648890  300.9614008   -1.2897464   1069.367    987.060           49843.163             100.782         4        19   148.240829    10.692559    16.240    1     43683      10.077
2022  7 17 15  8 35.049  219.0832282   74.7651534  300.9816557   -1.2897533   1069.695    986.701           49354.721             102.531         4        19   148.240463    10.692701    16.250    1     43683      10.301
2022  7 17 15  8 39.850  219.0792608   74.7650084  301.0021379   -1.2904401   1069.552    987.155           51506.171             109.322         4        19   148.240158    10.692814    16.290    1     43683      10.281
2022  7 17 15  8 44.650  219.0761859   74.7649064  301.0223980   -1.2909176   1069.339    986.568           57808.097             107.323         4        19   148.239792    10.692957    16.180    1     43683      10.222
2022  7 17 15  8 54.250  219.0733320   74.7643357  301.0620104   -1.2916300   1069.314    986.894           51164.147             102.810         4        19   148.239059    10.693235    16.380    1     43683      10.195
2022  7 17 15  8 59.050  219.0722759   74.7645405  301.0820301   -1.2915386   1069.609    986.696           50881.979             105.070         4        19   148.238678    10.693377    16.350    1     43683      10.247
2022  7 17 15  9 32.650  219.0546086   74.7635031  301.2229768   -1.2945984   1050.169   1007.333           47302.458              99.892         4        20   148.236237    10.694283    16.350    1     43683      10.065
2022  7 17 15  9 37.450  219.0541171   74.7631137  301.2425253   -1.2948914   1050.115   1007.890           50069.733             107.039         4        20   148.235870    10.694414    16.300    1     43683      10.402
2022  7 17 15  9 42.250  219.0504954   74.7633691  301.2631052   -1.2951855   1049.932   1007.467           46680.981              96.408         4        20   148.235489    10.694549    16.430    1     43683      10.290
2022  7 17 15  9 47.050  219.0475490   74.7628706  301.2830930   -1.2959546   1050.063   1007.201           47386.300              99.509         4        20   148.235123    10.694690    16.480    1     43683      10.233
2022  7 17 15  9 51.850  219.0445347   74.7631923  301.3036648   -1.2961234   1050.260   1007.194           50368.300             103.735         4        20   148.234818    10.694799    16.420    1     43683      10.316
2022  7 17 15  9 56.650  219.0456140   74.7627765  301.3228732   -1.2961808   1050.129   1007.821           48097.129              99.937         4        20   148.234451    10.694930    16.330    1     43683      10.275
2022  7 17 15 10  1.450  219.0416638   74.7626993  301.3433295   -1.2967951   1050.074   1007.956           48898.948              98.315         4        20   148.234085    10.695059    16.350    1     43683      10.267
2022  7 17 15 10  6.250  219.0374582   74.7627330  301.3638923   -1.2973551   1050.062   1007.191           50050.004             100.094         4        20   148.233704    10.695197    16.400    1     43683      10.178
2022  7 17 15 10 11.050  219.0362735   74.7628473  301.3838964   -1.2973603   1050.310   1007.370           48362.717             100.020         4        20   148.233337    10.695334    16.400    1     43683      10.256
2022  7 17 15 10 15.850  219.0363945   74.7625727  301.4034668   -1.2974891   1050.182   1007.843           50086.912             102.358         4        20   148.233047    10.695439    16.560    1     43683      10.335
2022  7 17 15 10 20.650  219.0342526   74.7623353  301.4234360   -1.2979270   1050.009   1007.696           53057.222             103.969         4        20   148.232666    10.695575    16.450    1     43683      10.237
2022  7 17 15 10 25.450  219.0302826   74.7621790  301.4438475   -1.2986025   1050.266   1007.473           51635.216             101.526         4        20   148.232300    10.695708    16.380    1     43683      10.257
2022  7 17 15 10 30.250  219.0298759   74.7622475  301.4636638   -1.2985156   1050.147   1007.744           49183.160             100.295         4        20   148.231934    10.695846    16.280    1     43683      10.245
2022  7 17 15 10 35.050  219.0247387   74.7622708  301.4844115   -1.2992354   1050.134   1007.344           47185.826              97.629         4        20   148.231552    10.695984    16.540    1     43683      10.276
2022  7 17 15 10 39.850  219.0240124   74.7618652  301.5040753   -1.2995993   1050.315   1007.503           49155.826              95.480         4        20   148.231262    10.696095    16.360    1     43683      10.260
2022  7 17 15 10 44.650  219.0230654   74.7618491  301.5239506   -1.2996708   1050.236   1007.875           47496.602              97.669         4        20   148.230896    10.696229    16.470    1     43683      10.237
2022  7 17 15 10 49.450  219.0188543   74.7618264  301.5444799   -1.3002766   1050.092   1007.457           44938.255              92.022         4        20   148.230515    10.696366    16.420    1     43683      10.674
2022  7 17 15 10 54.250  219.0168995   74.7621397  301.5647663   -1.3002519   1050.517   1007.596           47422.779              97.742         4        20   148.230148    10.696502    16.440    1     43683      10.187
2022  7 17 15 10 59.050  219.0141024   74.7614932  301.5846320   -1.3011195   1050.227   1007.998           44547.146              96.370         4        20   148.229782    10.696636    16.510    1     43683      10.371
2022  7 17 15 14  8.931  218.9262888   74.7574289  302.3797047   -1.3148826   1046.806   1014.821           41714.910              89.486         5        19   148.215866    10.701880    17.050    1     43683      10.340
2022  7 17 15 14 13.731  218.9233848   74.7574663  302.4000176   -1.3152300   1046.748   1015.026           42357.077              89.112         5        19   148.215500    10.702014    16.910    1     43683      10.250
2022  7 17 15 14 18.531  218.9202166   74.7571233  302.4201496   -1.3159190   1046.646   1015.180           43446.689              94.047         5        19   148.215134    10.702148    16.890    1     43683       9.712
2022  7 17 15 14 23.331  218.9188126   74.7576381  302.4404473   -1.3156413   1046.711   1014.674           44653.101              96.784         5        19   148.214767    10.702288    16.790    1     43683       9.952
2022  7 17 15 14 28.131  218.9167048   74.7567751  302.4600384   -1.3165633   1046.897   1015.019           44405.909              89.319         5        19   148.214401    10.702425    17.010    1     43683      10.142
2022  7 17 15 14 32.931  218.9144151   74.7564969  302.4801051   -1.3170823   1046.544   1015.096           41936.750              87.202         5        19   148.214111    10.702535    17.020    1     43683      10.509
2022  7 17 15 14 37.731  218.9129077   74.7563845  302.5000369   -1.3173120   1046.835   1014.727           41812.412              89.629         5        19   148.213745    10.702677    17.030    1     43683       9.944
2022  7 17 15 14 42.531  218.9093043   74.7564383  302.5204896   -1.3177571   1046.850   1015.068           42786.809              88.971         5        19   148.213364    10.702814    16.910    1     43683      10.237
2022  7 17 15 14 47.331  218.9076892   74.7567884  302.5407290   -1.3176439   1046.707   1014.878           44202.044              94.085         5        19   148.212997    10.702953    16.810    1     43683      10.009
2022  7 17 15 14 52.131  218.9050639   74.7562314  302.5606317   -1.3184077   1046.879   1014.852           42386.907              90.661         5        19   148.212646    10.703092    16.960    1     43683      10.400
2022  7 17 15 14 56.931  218.9029927   74.7562004  302.5807912   -1.3186998   1046.827   1014.978           41979.325              87.959         5        19   148.212341    10.703199    17.020    1     43683      10.390
2022  7 17 15 15  1.731  218.8989644   74.7559935  302.6011855   -1.3194187   1046.819   1015.082           44063.484              91.197         5        19   148.211975    10.703336    17.020    1     43683      10.069
2022  7 17 15 15  6.531  218.8985310   74.7561233  302.6210454   -1.3192873   1046.749   1014.989           41701.439              90.514         5        19   148.211609    10.703474    16.990    1     43683       9.248
2022  7 17 15 15 11.332  218.8961407   74.7559594  302.6411321   -1.3197049   1046.944   1014.853           44238.313              93.844         5        19   148.211243    10.703612    16.840    1     43683      10.059
2022  7 17 15 15 16.132  218.8934046   74.7557538  302.6612593   -1.3202164   1046.877   1015.065           41980.159              85.332         5        19   148.210876    10.703745    16.980    1     43683       9.997
2022  7 17 15 15 20.932  218.8943984   74.7560702  302.6810165   -1.3197350   1046.909   1015.186           50010.791              94.490         5        19   148.210587    10.703854    16.940    1     43683      10.227
2022  7 17 15 15 25.732  218.8891810   74.7552111  302.7012372   -1.3211616   1046.812   1015.045           40350.683              84.450         5        19   148.210205    10.703989    17.080    1     43683      10.031
2022  7 17 15 15 30.532  218.8870254   74.7553497  302.7214584   -1.3213052   1046.972   1014.906           39464.938              85.606         5        19   148.209839    10.704125    16.960    1     43683      10.279
2022  7 17 15 15 35.332  218.8828962   74.7553375  302.7419943   -1.3218912   1046.824   1015.045           43198.093              87.134         5        19   148.209473    10.704258    16.940    1     43683      10.168
2022  7 17 15 16 47.332  218.8501097   74.7535753  303.0432574   -1.3272293   1042.865   1026.422           39887.891              94.106         6        19   148.204208    10.706203    17.070    1     43683      10.422
2022  7 17 15 16 52.132  218.8478453   74.7529726  303.0630431   -1.3279798   1042.865   1026.422           43509.373              91.369         6        19   148.203842    10.706332    17.070    1     43683      10.213
2022  7 17 15 16 56.932  218.8465020   74.7542483  303.0838602   -1.3271267   1043.023   1026.506           49054.309              92.058         6        19   148.203537    10.706438    16.890    1     43683      10.123
2022  7 17 15 17  6.532  218.8411143   74.7531978  303.1237052   -1.3286387   1042.849   1026.208           39803.662              86.615         6        19   148.202805    10.706703    16.950    1     43683      10.406
2022  7 17 15 17 11.332  218.8390042   74.7526882  303.1435157   -1.3292861   1043.002   1026.396           38120.728              84.355         6        19   148.202438    10.706837    17.100    1     43683       9.859
2022  7 17 15 17 16.132  218.8361548   74.7530253  303.1640033   -1.3293888   1042.842   1026.304           46437.602              94.009         6        19   148.202072    10.706970    16.880    1     43683      10.326
2022  7 17 15 17 20.932  218.8358960   74.7524467  303.1834652   -1.3298173   1043.023   1026.479           43806.900              88.550         6        19   148.201782    10.707076    17.040    1     43683      10.496
2022  7 17 15 17 25.732  218.8322099   74.7527657  303.2041148   -1.3300711   1042.822   1026.356           39685.473              90.259         6        19   148.201416    10.707208    17.050    1     43683      10.447
2022  7 17 15 17 30.532  218.8295071   74.7526495  303.2242771   -1.3305063   1043.083   1026.354           40165.667              85.394         6        19   148.201035    10.707341    17.100    1     43683       9.379
2022  7 17 15 17 35.332  218.8288629   74.7521844  303.2438119   -1.3308825   1042.823   1026.679           41360.424              92.552         6        19   148.200668    10.707473    17.040    1     43683      10.330
2022  7 17 15 17 40.132  218.8245802   74.7521753  303.2643824   -1.3314851   1042.879   1026.127           39219.049              83.397         6        19   148.200302    10.707611    17.010    1     43683      10.374
2022  7 17 15 17 44.932  218.8230027   74.7520730  303.2844114   -1.3317523   1043.099   1026.347           36239.432              78.960         6        19   148.200012    10.707718    16.980    1     43683       9.711
2022  7 17 15 17 49.732  218.8214544   74.7523673  303.3046035   -1.3316780   1042.842   1026.323           39760.600              93.864         6        19   148.199646    10.707850    17.060    1     43683      10.010
2022  7 17 15 17 54.532  218.8195526   74.7514413  303.3241150   -1.3326220   1043.007   1026.461           39559.331              85.733         6        19   148.199280    10.707981    17.110    1     43683       9.765
2022  7 17 15 17 59.332  218.8159486   74.7516925  303.3446898   -1.3329144   1042.907   1026.368           37699.282              85.406         6        19   148.198898    10.708114    17.010    1     43683      10.533
2022  7 17 15 18  4.132  218.8158407   74.7512947  303.3641565   -1.3331495   1043.015   1026.681           39278.322              82.687         6        19   148.198532    10.708247    17.210    1     43683      10.454
2022  7 17 15 18  8.933  218.8118570   74.7521541  303.3852817   -1.3330480   1042.881   1026.193           37427.768              80.360         6        19   148.198242    10.708357    17.000    1     43683      10.091
2022  7 17 15 18 13.733  218.8087258   74.7516080  303.4052824   -1.3338877   1043.111   1026.229           38281.762              82.180         6        19   148.197876    10.708493    17.060    1     43683       9.880
2022  7 17 15 18 18.533  218.8092254   74.7513755  303.4247253   -1.3338942   1042.994   1026.657           45122.028              91.643         6        19   148.197510    10.708626    17.120    1     43683       9.999
2022  7 17 15 21  5.161  218.7302375   74.7464160  304.1219048   -1.3473195   1038.900   1040.890           46322.152             100.165         5        20   148.185165    10.713225    17.010    1     43683      10.490
2022  7 17 15 21  9.961  218.7281098   74.7467528  304.1423193   -1.3473235   1038.778   1040.891           40304.641              93.720         5        20   148.184875    10.713338    17.030    1     43683      10.526
2022  7 17 15 21 14.761  218.7249342   74.7464591  304.1624714   -1.3479661   1039.013   1041.006           39876.017              90.209         5        20   148.184494    10.713479    17.080    1     43683      10.557
2022  7 17 15 21 19.561  218.7213571   74.7464631  304.1829053   -1.3484453   1038.876   1041.079           42521.377              94.258         5        20   148.184128    10.713614    16.990    1     43683      10.546
2022  7 17 15 21 24.361  218.7199298   74.7467081  304.2030421   -1.3483822   1038.785   1040.944           43134.072              93.089         5        20   148.183762    10.713753    17.070    1     43683      10.563
2022  7 17 15 21 29.161  218.7189392   74.7464352  304.2227683   -1.3486552   1038.898   1040.926           41509.430              92.894         5        20   148.183395    10.713893    17.080    1     43683      10.273
2022  7 17 15 21 33.961  218.7164527   74.7459823  304.2427554   -1.3493421   1038.744   1040.977           40993.429              94.583         5        20   148.183090    10.714003    17.120    1     43683      10.539
2022  7 17 15 21 38.761  218.7142264   74.7463641  304.2631422   -1.3493007   1038.816   1040.774           38824.707              91.093         5        20   148.182724    10.714142    17.210    1     43683      10.563
2022  7 17 15 21 43.561  218.7112460   74.7461310  304.2832914   -1.3498687   1039.008   1040.920           39443.810              89.384         5        20   148.182343    10.714278    17.110    1     43683      10.584
2022  7 17 15 21 48.361  218.7085685   74.7460026  304.3034563   -1.3503062   1038.770   1040.968           40562.386              93.404         5        20   148.181976    10.714413    17.100    1     43683      10.228
2022  7 17 15 21 53.161  218.7073473   74.7460776  304.3234457   -1.3503454   1038.788   1040.814           40375.908              96.783         5        20   148.181610    10.714550    17.180    1     43683      10.582
2022  7 17 15 21 57.961  218.7040575   74.7452743  304.3433837   -1.3514404   1038.884   1041.046           40768.345              91.024         5        20   148.181305    10.714658    17.230    1     43683      10.531
2022  7 17 15 22  2.761  218.7019410   74.7458536  304.3638694   -1.3512265   1038.677   1040.775           40395.296              90.457         5        20   148.180939    10.714796    17.140    1     43683      10.589
2022  7 17 15 22  7.561  218.7004764   74.7454776  304.3836154   -1.3516614   1038.800   1040.749           40434.856              96.843         5        20   148.180557    10.714932    17.180    1     43683      10.555
2022  7 17 15 22 12.361  218.6980329   74.7450766  304.4035650   -1.3522735   1038.737   1040.878           39104.380              90.610         5        20   148.180191    10.715069    17.120    1     43683      10.614
2022  7 17 15 22 17.161  218.6951556   74.7455128  304.4241054   -1.3522974   1038.695   1040.637           40862.874              97.573         5        20   148.179810    10.715205    17.200    1     43683      10.574
2022  7 17 15 22 21.961  218.6938948   74.7449230  304.4437693   -1.3528955   1038.831   1040.881           40857.197              93.611         5        20   148.179520    10.715313    17.210    1     43683      10.502
2022  7 17 15 22 26.761  218.6910038   74.7451238  304.4641665   -1.3531090   1038.618   1040.873           38458.518              89.804         5        20   148.179138    10.715447    17.300    1     43683      10.313
2022  7 17 15 22 31.561  218.6887235   74.7449850  304.4842289   -1.3534871   1038.697   1040.648           40821.451              97.736         5        20   148.178757    10.715585    17.110    1     43683      10.559
2022  7 17 15 22 36.361  218.6861235   74.7449276  304.5044227   -1.3538558   1038.747   1040.650           41753.543              95.329         5        20   148.178391    10.715720    17.280    1     43683      10.321
2022  7 17 15 23 14.762  218.6682416   74.7437218  304.6649873   -1.3569670   1035.839   1046.729           39141.869              94.236         4        18   148.175537    10.716753    17.330    1     43683      10.123
2022  7 17 15 23 19.562  218.6657613   74.7437832  304.6852296   -1.3572224   1035.749   1046.787           40540.079              92.702         4        18   148.175171    10.716888    17.340    1     43683      10.349
2022  7 17 15 23 24.362  218.6633444   74.7436231  304.7053065   -1.3576432   1035.563   1046.690           39204.881              93.991         4        18   148.174789    10.717022    17.310    1     43683      10.493
2022  7 17 15 23 29.162  218.6601965   74.7436518  304.7256673   -1.3580324   1035.798   1046.481           39037.255              98.416         4        18   148.174423    10.717157    17.260    1     43683      10.532
2022  7 17 15 23 38.762  218.6557288   74.7436329  304.7660085   -1.3586038   1035.521   1046.484           40875.489              93.821         4        18   148.173737    10.717398    17.410    1     43683      10.363
2022  7 17 15 23 43.562  218.6531913   74.7433314  304.7860385   -1.3591544   1035.655   1046.428           38686.033              93.310         4        18   148.173370    10.717533    17.270    1     43683      10.530
2022  7 17 15 23 48.362  218.6522206   74.7430283  304.8057283   -1.3594556   1035.690   1046.748           39721.023              91.593         4        18   148.172989    10.717665    17.270    1     43683      10.027
2022  7 17 15 23 53.162  218.6492942   74.7432167  304.8261255   -1.3596860   1035.588   1046.801           37775.657              91.748         4        18   148.172607    10.717797    17.380    1     43683      10.515
2022  7 17 15 23 57.962  218.6439543   74.7431385  304.8469524   -1.3605379   1035.426   1046.191           39375.008              91.048         4        18   148.172318    10.717908    17.240    1     43683      10.549
2022  7 17 15 24  7.562  218.6617732   74.7407108  304.8811246   -1.3593727   1035.082   1047.743           65249.110             108.559         4        18   148.171570    10.718176    17.320    1     43683      10.017
2022  7 17 15 24 12.362  218.6391490   74.7423639  304.9065112   -1.3616347   1035.254   1046.378           38132.962              86.614         4        18   148.171188    10.718311    17.290    1     43683      10.524
2022  7 17 15 24 17.162  218.6353690   74.7423100  304.9269525   -1.3621883   1035.615   1046.208           39356.203              93.845         4        18   148.170822    10.718449    17.260    1     43683      10.475
2022  7 17 15 24 21.962  218.6361129   74.7421931  304.9464771   -1.3620918   1035.400   1046.587           38912.608              90.071         4        18   148.170517    10.718554    17.340    1     43683      10.576
2022  7 17 15 24 26.762  218.6324766   74.7421694  304.9668913   -1.3626000   1035.337   1046.377           42301.083              92.524         4        18   148.170135    10.718690    17.450    1     43683      10.285
2022  7 17 15 24 31.562  218.6290262   74.7418170  304.9870808   -1.3633375   1035.316   1046.195           40280.180              89.705         4        18   148.169769    10.718826    17.290    1     43683      10.534
2022  7 17 15 24 36.362  218.6261969   74.7419201  305.0074066   -1.3636121   1035.384   1046.196           40875.465              85.575         4        18   148.169388    10.718965    17.240    1     43683      10.492
2022  7 17 15 24 41.162  218.6247730   74.7419817  305.0274301   -1.3636940   1035.492   1046.362           35655.372              87.603         4        18   148.169022    10.719102    17.260    1     43683      10.411
2022  7 17 15 24 45.962  218.5681544   74.7414398  305.0586052   -1.3732058   1035.327   1043.630           61636.085             104.481         4        18   148.168716    10.719211    17.330    1     43683      10.398
2022  7 17 15 26  7.563  218.5824637   74.7394473  305.3892308   -1.3708260   1033.402   1049.071           40312.557              89.072         6        20   148.162582    10.721478    17.100    1     43683       9.876
2022  7 17 15 26 12.363  218.5809628   74.7390666  305.4089837   -1.3712689   1033.108   1049.109           39471.836              87.958         6        20   148.162201    10.721615    17.060    1     43683      10.180
2022  7 17 15 26 17.163  218.5788472   74.7391583  305.4291697   -1.3714385   1033.188   1048.969           39341.326              89.923         6        20   148.161835    10.721752    17.050    1     43683       9.727
2022  7 17 15 26 21.963  218.5776972   74.7389836  305.4490521   -1.3716890   1033.075   1048.978           38711.439              89.139         6        20   148.161530    10.721862    17.030    1     43683      10.117
2022  7 17 15 26 26.763  218.5759387   74.7389138  305.4690637   -1.3719272   1033.171   1048.954           37533.997              86.780         6        20   148.161163    10.722000    16.970    1     43683       9.815
2022  7 17 15 26 31.563  218.5726687   74.7389893  305.4894795   -1.3722962   1033.198   1048.961           37087.492              83.970         6        20   148.160797    10.722137    17.050    1     43683      10.361
2022  7 17 15 26 36.363  218.5691516   74.7384255  305.5095390   -1.3732095   1033.040   1049.068           37746.203              87.280         6        20   148.160416    10.722274    17.080    1     43683      10.204
2022  7 17 15 26 41.163  218.5636105   74.7362065  305.5290166   -1.3757544   1032.592   1048.564           52841.861              94.794         6        20   148.160049    10.722413    17.050    1     43683      10.381
2022  7 17 15 26 45.963  218.5639495   74.7378088  305.5496812   -1.3743616   1033.002   1048.912           39335.359              82.078         6        20   148.159744    10.722523    17.080    1     43683      10.575
2022  7 17 15 26 50.763  218.5648169   74.7385126  305.5696233   -1.3735638   1033.054   1048.858           38702.008              88.325         6        20   148.159378    10.722662    16.910    1     43683       9.945
2022  7 17 15 26 55.563  218.5613034   74.7380318  305.5897482   -1.3744130   1033.052   1049.006           38230.957              87.329         6        20   148.159012    10.722797    17.050    1     43683       9.948
2022  7 17 15 27  0.363  218.5594262   74.7382261  305.6099317   -1.3744609   1032.901   1048.837           38260.012              85.056         6        20   148.158630    10.722936    17.000    1     43683       9.835
2022  7 17 15 27  5.163  218.5572238   74.7377656  305.6297817   -1.3750772   1033.102   1048.992           38680.803              85.393         6        20   148.158249    10.723076    17.130    1     43683       9.701
2022  7 17 15 27  9.963  218.5545509   74.7380503  305.6502780   -1.3752100   1032.840   1048.693           37167.859              88.467         6        20   148.157959    10.723187    17.110    1     43683       9.778
2022  7 17 15 27 14.763  218.5532105   74.7374211  305.6698602   -1.3758211   1032.904   1048.715           36326.275              83.842         6        20   148.157593    10.723326    17.020    1     43683      10.071
2022  7 17 15 27 19.563  218.5511543   74.7373773  305.6899348   -1.3760897   1032.847   1048.786           37080.794              87.569         6        20   148.157211    10.723461    17.080    1     43683      10.496
2022  7 17 15 27 24.363  218.5485630   74.7371134  305.7100015   -1.3766156   1032.934   1048.819           37735.612              86.025         6        20   148.156845    10.723599    17.000    1     43683       9.921
2022  7 17 15 27 29.163  218.5455782   74.7372172  305.7303757   -1.3769177   1032.859   1048.905           37687.156              86.214         6        20   148.156479    10.723734    17.270    1     43683      10.516
2022  7 17 15 27 33.963  218.5426964   74.7376012  305.7509615   -1.3770066   1032.759   1048.574           36725.005              92.209         6        20   148.156174    10.723844    17.090    1     43683      10.493
2022  7 17 15 27 38.763  218.5413796   74.7369730  305.7705386   -1.3776142   1032.917   1048.637           35873.359              82.864         6        20   148.155807    10.723982    17.070    1     43683       9.976
2022  7 17 15 29 17.562  218.4926123   74.7348347  306.1847236   -1.3852582   1030.025   1052.101           37298.399              86.865         6        18   148.148346    10.726655    17.190    1     43683      10.537
2022  7 17 15 29 22.362  218.4910075   74.7348141  306.2047349   -1.3854380   1029.812   1052.200           36991.047              88.699         6        18   148.147980    10.726787    17.360    1     43683      10.524
2022  7 17 15 29 27.162  218.4895713   74.7361908  306.2255520   -1.3844857   1030.253   1051.858           51616.992              94.898         6        18   148.147598    10.726920    17.160    1     43683      10.429
2022  7 17 15 29 41.562  218.4819158   74.7343581  306.2851521   -1.3869083   1029.881   1052.114           38075.735              87.911         6        18   148.146561    10.727290    17.210    1     43683      10.538
2022  7 17 15 29 46.362  218.4797954   74.7343191  306.3052435   -1.3871838   1029.652   1052.045           38639.563              91.396         6        18   148.146179    10.727424    17.170    1     43683      10.433
2022  7 17 15 29 51.162  218.4785785   74.7343016  306.3251761   -1.3872935   1029.881   1051.817           36097.142              86.879         6        18   148.145813    10.727561    17.100    1     43683      10.558
2022  7 17 15 29 55.962  218.4752180   74.7339976  306.3454400   -1.3880071   1029.775   1052.088           37334.635              88.975         6        18   148.145508    10.727666    17.060    1     43683      10.511
2022  7 17 15 30  0.762  218.4734385   74.7341931  306.3656203   -1.3880403   1029.552   1051.821           35012.180              85.157         6        18   148.145142    10.727802    16.950    1     43683      10.605
2022  7 17 15 30  5.562  218.4707198   74.7341804  306.3858523   -1.3883895   1029.771   1051.752           35218.002              88.634         6        18   148.144760    10.727938    16.980    1     43683      10.569
2022  7 17 15 30 10.362  218.4679185   74.7337871  306.4058844   -1.3890586   1029.713   1051.986           37101.508              88.273         6        18   148.144394    10.728068    17.080    1     43683      10.552
2022  7 17 15 30 15.162  218.4660807   74.7335697  306.4258077   -1.3894293   1029.420   1051.831           36354.525              84.939         6        18   148.144012    10.728202    17.040    1     43683      10.543
2022  7 17 15 30 19.962  218.4645921   74.7336664  306.4459437   -1.3895203   1029.675   1051.626           35751.133              93.575         6        18   148.143723    10.728311    16.750    1     43683      10.491
2022  7 17 15 30 24.762  218.4629134   74.7330013  306.4655746   -1.3902220   1029.608   1051.928           34661.302              81.285         6        18   148.143356    10.728442    17.020    1     43683      10.466
2022  7 17 15 30 29.562  218.4591101   74.7334544  306.4863191   -1.3903789   1029.398   1051.738           37387.957              86.199         6        18   148.142975    10.728577    16.950    1     43683      10.503
2022  7 17 15 30 34.362  218.4564095   74.7335298  306.5066175   -1.3906563   1029.605   1051.470           37750.432              88.888         6        18   148.142609    10.728712    16.960    1     43683      10.549
2022  7 17 15 30 39.162  218.4560570   74.7326537  306.5258281   -1.3913139   1029.537   1051.872           37698.146              85.917         6        18   148.142227    10.728840    16.860    1     43683      10.456
2022  7 17 15 30 43.962  218.4531193   74.7328921  306.5463517   -1.3915295   1029.311   1051.640           36487.714              84.547         6        18   148.141937    10.728946    16.790    1     43683      10.581
2022  7 17 15 30 48.762  218.4484524   74.7330468  306.5670932   -1.3920632   1029.486   1051.319           36021.061              86.019         6        18   148.141556    10.729079    16.720    1     43683      10.548
2022  7 17 15 31 46.363  218.4224147   74.7314549  306.8079750   -1.3964438   1029.804   1053.906           34800.506              83.655         6        20   148.137314    10.730590    16.900    1     43683      10.420
2022  7 17 15 31 51.163  218.4200848   74.7312775  306.8280258   -1.3968638   1029.614   1053.914           34989.832              83.786         6        20   148.136932    10.730722    16.790    1     43683      10.500
2022  7 17 15 31 55.963  218.4189188   74.7314533  306.8481423   -1.3968397   1029.636   1053.769           36098.366              88.342         6        20   148.136642    10.730831    16.850    1     43683      10.334
2022  7 17 15 32  0.763  218.4161301   74.7312095  306.8682639   -1.3973833   1029.769   1053.789           35564.074              84.257         6        20   148.136276    10.730966    16.710    1     43683      10.478
2022  7 17 15 32  5.563  218.4137668   74.7310086  306.8883083   -1.3978263   1029.632   1053.837           36510.088              85.966         6        20   148.135895    10.731099    16.940    1     43683      10.502
2022  7 17 15 32 10.363  218.4120330   74.7308882  306.9082860   -1.3981031   1029.527   1053.814           36357.352              88.679         6        20   148.135529    10.731233    16.940    1     43683      10.473
2022  7 17 15 32 15.163  218.4094870   74.7306032  306.9283310   -1.3986411   1029.425   1053.666           36530.793              85.980         6        20   148.135162    10.731367    16.910    1     43683      10.480
2022  7 17 15 32 19.963  218.4070743   74.7307950  306.9487020   -1.3988041   1029.600   1053.580           34940.682              90.028         6        20   148.134857    10.731477    16.780    1     43683      10.300
2022  7 17 15 32 24.763  218.4050092   74.7304501  306.9686112   -1.3993139   1029.562   1053.842           34919.787              83.128         6        20   148.134491    10.731609    16.890    1     43683      10.321
2022  7 17 15 32 29.563  218.4020676   74.7305640  306.9889840   -1.3995960   1029.433   1053.657           34158.023              79.948         6        20   148.134125    10.731747    17.000    1     43683      10.516
2022  7 17 15 32 34.363  218.3992370   74.7300395  307.0089269   -1.4003671   1029.254   1053.490           34380.114              82.307         6        20   148.133743    10.731883    16.970    1     43683      10.449
2022  7 17 15 32 39.163  218.3967947   74.7300372  307.0291245   -1.4006607   1029.502   1053.505           34384.109              84.892         6        20   148.133377    10.732021    16.970    1     43683      10.470
2022  7 17 15 32 43.963  218.3962591   74.7296530  307.0487519   -1.4009769   1029.319   1053.683           35308.583              81.640         6        20   148.133072    10.732131    16.920    1     43683      10.488
2022  7 17 15 32 48.763  218.3924360   74.7296856  307.0692588   -1.4014682   1029.314   1053.565           34220.583              80.052         6        20   148.132706    10.732266    16.850    1     43683      10.049
2022  7 17 15 32 53.563  218.3898309   74.7291950  307.0891905   -1.4021772   1029.035   1053.333           34075.303              80.603         6        20   148.132339    10.732401    16.900    1     43683      10.289
2022  7 17 15 32 58.363  218.3877902   74.7293316  307.1093896   -1.4022960   1029.405   1053.424           33514.383              80.352         6        20   148.131973    10.732539    17.070    1     43683      10.470
2022  7 17 15 33  3.163  218.3856379   74.7287639  307.1290901   -1.4029652   1029.031   1053.497           33692.518              79.272         6        20   148.131516    10.732702    16.910    1     43683      10.449
2022  7 17 15 33  7.963  218.3824596   74.7287827  307.1496058   -1.4034170   1029.005   1053.157           34282.143              81.908         6        20   148.131302    10.732783    16.940    1     43683      10.465
2022  7 17 15 33 12.763  218.3794317   74.7289146  307.1699918   -1.4037024   1029.260   1053.165           35086.024              82.824         6        20   148.130920    10.732917    16.970    1     43683      10.494
2022  7 17 15 33 17.563  218.3779242   74.7283449  307.1896476   -1.4043021   1028.945   1053.318           33789.859              83.420         6        20   148.130554    10.733047    16.970    1     43683      10.489
2022  7 17 15 11  3.850  219.0120827   74.7616454  301.6048938   -1.3012556   1050.261   1007.405           46974.464              94.695         4        20   148.229477    10.696748    16.370    1     43683      10.279
2022  7 17 15 33 51.163  218.3620212   74.7283956  307.3307927   -1.4061412   1025.711   1053.682           33930.947              83.940         6        19   148.127960    10.733981    17.100    1     43683      10.596
2022  7 17 15 33 55.964  218.3615871   74.7277438  307.3502548   -1.4066567   1025.841   1053.637           34432.255              88.807         6        19   148.127670    10.734087    16.970    1     43683      10.377
2022  7 17 15 34  0.764  218.3589400   74.7278323  307.3705359   -1.4069198   1025.788   1053.812           38007.664              87.175         6        19   148.127289    10.734216    17.030    1     43683      10.535
2022  7 17 15 34  5.564  218.3573266   74.7277919  307.3905377   -1.4071185   1025.713   1053.753           37707.035              90.513         6        19   148.126923    10.734345    17.000    1     43683      10.555
2022  7 17 15 34 10.364  218.3544038   74.7277183  307.4107912   -1.4075552   1025.596   1053.661           39699.115              83.490         6        19   148.126556    10.734473    17.070    1     43683      10.480
2022  7 17 15 34 15.164  218.3517987   74.7274393  307.4308391   -1.4081013   1025.664   1053.549           36411.297              84.632         6        19   148.126175    10.734603    17.130    1     43683      10.595
2022  7 17 15 34 19.964  218.3423390   74.7274533  307.4525865   -1.4095446   1025.664   1053.118           44221.269              88.390         6        19   148.125885    10.734707    17.010    1     43683      10.463
2022  7 17 15 34 29.564  218.3448288   74.7268059  307.4910356   -1.4094691   1025.382   1053.509           33311.418              79.651         6        19   148.125137    10.734966    17.120    1     43683      10.624
2022  7 17 15 34 34.364  218.3400610   74.7272229  307.5119750   -1.4098103   1025.604   1053.265           34740.558              84.914         6        19   148.124771    10.735098    17.140    1     43683      10.530
2022  7 17 15 34 39.164  218.3396475   74.7269717  307.5315828   -1.4099816   1025.476   1053.518           34806.473              84.701         6        19   148.124390    10.735228    17.060    1     43683      10.626
2022  7 17 15 34 43.964  218.3361121   74.7266803  307.5519081   -1.4107119   1025.337   1053.185           33964.462              80.977         6        19   148.124100    10.735333    17.110    1     43683      10.684
2022  7 17 15 34 48.764  218.3351292   74.7263540  307.5715878   -1.4110323   1025.524   1053.401           33575.729              86.902         6        19   148.123718    10.735465    17.110    1     43683      10.635
2022  7 17 15 34 53.564  218.3318280   74.7261400  307.5918358   -1.4116359   1025.386   1053.388           32596.903              84.775         6        19   148.123352    10.735598    17.130    1     43683      10.364
2022  7 17 15 34 58.364  218.3288931   74.7260880  307.6121064   -1.4120503   1025.128   1053.120           31804.073              79.907         6        19   148.122986    10.735733    17.120    1     43683      10.679
2022  7 17 15 35  3.164  218.3271364   74.7255860  307.6318403   -1.4126313   1025.148   1053.093           33139.566              82.079         6        19   148.122604    10.735868    17.140    1     43683      10.555
2022  7 17 15 35  7.964  218.3252731   74.7253685  307.6518621   -1.4130300   1025.314   1053.035           32749.132              78.618         6        19   148.122314    10.735977    17.070    1     43683       9.970
2022  7 17 15 35 12.764  218.3227318   74.7252635  307.6720033   -1.4134268   1025.041   1053.130           33779.257              80.444         6        19   148.121933    10.736108    17.170    1     43683      10.383
2022  7 17 15 35 17.564  218.3215860   74.7251838  307.6918837   -1.4135772   1025.030   1052.954           35399.417              82.915         6        19   148.121567    10.736241    16.990    1     43683      10.621
2022  7 17 15 35 22.364  218.3178442   74.7249858  307.7122337   -1.4142417   1025.194   1053.205           34198.300              79.090         6        19   148.121201    10.736371    17.390    1     43683      10.583
2022  7 17 15 38 51.362  218.2199357   74.7196405  308.5872592   -1.4302476   1022.616   1054.635           34672.783              86.540         7        20   148.105774    10.741887    17.350    1     43683      10.580
2022  7 17 15 38 56.162  218.2150260   74.7195087  308.6078952   -1.4310430   1022.450   1054.346           33303.605              84.557         7        20   148.105408    10.742020    17.450    1     43683      10.530
2022  7 17 15 39  0.962  218.2159191   74.7191785  308.6272582   -1.4310935   1022.539   1054.609           33403.178              83.932         7        20   148.105103    10.742123    17.480    1     43683      10.479
2022  7 17 15 39  5.762  218.2109407   74.7190490  308.6479091   -1.4318941   1022.423   1054.117           35134.724              84.468         7        20   148.104736    10.742260    17.530    1     43683      10.498
2022  7 17 15 39 10.562  218.2109936   74.7185230  308.6672676   -1.4322031   1022.563   1054.539           33804.094              84.501         7        20   148.104370    10.742395    17.490    1     43683      10.567
2022  7 17 15 39 15.362  218.2085604   74.7185658  308.6874925   -1.4324652   1022.176   1054.474           32978.175              80.613         7        20   148.104004    10.742525    17.420    1     43683      10.491
2022  7 17 15 39 20.162  218.2049684   74.7181973  308.7077091   -1.4332336   1022.263   1054.007           32355.460              79.566         7        20   148.103638    10.742661    17.180    1     43683      10.493
2022  7 17 15 39 24.962  218.2024390   74.7181178  308.7279405   -1.4336337   1022.482   1054.271           30718.179              82.756         7        20   148.103333    10.742765    17.620    1     43683      10.585
2022  7 17 15 39 29.762  218.2015787   74.7178361  308.7476378   -1.4338997   1021.982   1054.333           32201.733              76.301         7        20   148.102966    10.742896    17.470    1     43683      10.504
2022  7 17 15 39 34.562  218.1985824   74.7177668  308.7679122   -1.4343350   1022.183   1053.976           32745.770              80.322         7        20   148.102600    10.743032    17.510    1     43683      10.294
2022  7 17 15 39 39.362  218.1954694   74.7180174  308.7883910   -1.4345383   1022.269   1054.108           34541.212              81.170         7        20   148.102219    10.743165    17.380    1     43683       9.948
2022  7 17 15 39 44.162  218.1937197   74.7178759  308.8083598   -1.4348327   1021.911   1054.042           33125.397              78.927         7        20   148.101852    10.743299    17.520    1     43683      10.558
2022  7 17 15 39 48.962  218.1917531   74.7176191  308.8283806   -1.4352762   1022.196   1053.988           33439.683              79.369         7        20   148.101562    10.743410    17.400    1     43683      10.506
2022  7 17 15 39 53.762  218.1881980   74.7174628  308.8487190   -1.4358751   1021.882   1054.092           34981.209              81.597         7        20   148.101196    10.743541    17.560    1     43683      10.242
2022  7 17 15 39 58.562  218.1880996   74.7175202  308.8684647   -1.4357447   1021.890   1053.859           31712.849              78.713         7        20   148.100830    10.743677    17.400    1     43683      10.359
2022  7 17 15 40  3.362  218.1851428   74.7170923  308.8884976   -1.4364600   1022.055   1053.952           32061.070              78.979         7        20   148.100449    10.743811    17.540    1     43683      10.001
2022  7 17 15 40  8.162  218.1828691   74.7173617  308.9088264   -1.4365114   1021.867   1053.929           32429.563              79.608         7        20   148.100082    10.743946    17.510    1     43683       9.944
2022  7 17 15 40 12.962  218.1814359   74.7173367  308.9288619   -1.4366893   1021.792   1053.788           33493.391              84.050         7        20   148.099777    10.744053    17.460    1     43683      10.246
2022  7 17 15 40 17.762  218.1787667   74.7165242  308.9486154   -1.4376665   1021.894   1053.789           34497.385              82.756         7        20   148.099411    10.744184    17.540    1     43683       9.872
2022  7 17 15 40 22.562  218.2173723   74.7311657  308.9691561   -1.4197641   1024.604   1056.246           63486.768             106.082         7        20   148.099045    10.744314    17.550    1     43683      10.197
2022  7 17 15 41  0.963  218.1550963   74.7152309  309.1301154   -1.4416607   1022.167   1052.163           34711.094              79.560        34        20   148.096237    10.745330    17.620    1     43683      10.519
2022  7 17 15 41 15.363  218.1488164   74.7147954  309.1902190   -1.4427131   1022.080   1052.250           33017.671              76.935        34        20   148.095123    10.745736    17.630    1     43683      10.102
2022  7 17 15 41 20.163  218.1472023   74.7150291  309.2103891   -1.4426838   1021.802   1052.071           33385.889              80.889        34        20   148.094757    10.745874    17.520    1     43683      10.526
2022  7 17 15 41 24.963  218.1450293   74.7146827  309.2303842   -1.4432281   1022.001   1051.996           32212.250              78.698        34        20   148.094452    10.745988    17.730    1     43683      10.531
2022  7 17 15 41 29.763  218.1431401   74.7147750  309.2505259   -1.4433550   1021.785   1052.006           33396.085              80.700        34        20   148.094086    10.746126    17.350    1     43683      10.138
2022  7 17 15 41 34.563  218.1406656   74.7147579  309.2707226   -1.4436646   1021.935   1051.844           37068.832              84.264        34        20   148.093719    10.746262    17.390    1     43683      10.017
2022  7 17 15 41 39.363  218.1400601   74.7142258  309.2902156   -1.4440871   1021.760   1052.085           38139.682              84.388        34        20   148.093353    10.746394    17.610    1     43683      10.061
2022  7 17 15 41 44.163  218.1357010   74.7143844  309.3109148   -1.4445593   1021.828   1051.927           32525.018              77.719        34        20   148.092987    10.746530    17.640    1     43683      10.165
2022  7 17 15 41 48.963  218.1334814   74.7143542  309.3311270   -1.4448651   1021.785   1051.880           33839.689              81.793        34        20   148.092697    10.746639    17.530    1     43683      10.464
2022  7 17 15 41 53.763  218.1321135   74.7144866  309.3511840   -1.4448784   1021.818   1051.843           34214.894              79.074        34        20   148.092331    10.746775    17.620    1     43683      10.205
2022  7 17 15 41 58.563  218.1288386   74.7142078  309.3713742   -1.4455268   1021.776   1051.956           34475.309              82.938        34        20   148.091949    10.746908    17.480    1     43683      10.491
2022  7 17 15 42  3.363  218.1285954   74.7138760  309.3909134   -1.4457282   1021.558   1051.719           35547.747              82.482        34        20   148.091583    10.747044    17.470    1     43683      10.236
2022  7 17 15 42  8.163  218.1252879   74.7140934  309.4114282   -1.4459840   1021.673   1051.583           32525.953              86.306        34        20   148.091217    10.747181    17.560    1     43683      10.395
2022  7 17 15 42 12.963  218.1239756   74.7135351  309.4311294   -1.4465664   1021.747   1051.786           33796.338              81.599        34        20   148.090927    10.747287    17.650    1     43683      10.115
2022  7 17 15 42 17.763  218.1209841   74.7138573  309.4516418   -1.4466932   1021.626   1051.776           34122.060              82.188        34        20   148.090561    10.747419    17.650    1     43683      10.077
2022  7 17 15 42 22.563  218.1175435   74.7139062  309.4720661   -1.4471068   1021.518   1051.443           33631.111              88.424        34        20   148.090179    10.747553    17.480    1     43683      10.523
2022  7 17 15 42 27.363  218.1162518   74.7134512  309.4917499   -1.4475782   1021.708   1051.639           33311.167              87.659        34        20   148.089813    10.747685    17.530    1     43683       9.987
2022  7 17 15 42 32.163  218.1142896   74.7133625  309.5117970   -1.4478651   1021.406   1051.673           33287.753              83.412        34        20   148.089447    10.747818    17.550    1     43683      10.340
2022  7 17 15 43  0.963  218.0989318   74.7118305  309.6322977   -1.4509724   1021.093   1051.276           33821.201              79.726        25        20   148.087326    10.748598    17.430    1     43683      10.444
2022  7 17 15 43 15.363  218.0922400   74.7116530  309.6926459   -1.4518982   1021.109   1051.392           31102.122              76.729        25        20   148.086212    10.748990    17.700    1     43683      10.400
2022  7 17 15 43 20.163  218.0899985   74.7115666  309.7127531   -1.4522278   1020.844   1051.356           33257.177              87.002        25        20   148.085846    10.749123    17.500    1     43683      10.458
2022  7 17 15 43 24.963  218.0878991   74.7116044  309.7329819   -1.4524628   1020.931   1051.132           30403.504              75.678        25        20   148.085556    10.749229    17.650    1     43683      10.450
2022  7 17 15 43 29.763  218.0842435   74.7111944  309.7531888   -1.4532759   1020.997   1051.178           31634.549              77.800        25        20   148.085190    10.749362    17.660    1     43683      10.167
2022  7 17 15 43 34.563  218.0800212   74.7104765  309.7733273   -1.4544263   1020.665   1051.115           38437.906              83.033        25        20   148.084824    10.749493    17.660    1     43683      10.227
2022  7 17 15 43 39.363  218.0802307   74.7113097  309.7934638   -1.4536328   1020.801   1051.107           32904.864              79.654        25        20   148.084442    10.749626    17.670    1     43683      10.094
2022  7 17 15 43 44.163  218.0789825   74.7114566  309.8135048   -1.4536179   1020.726   1051.062           31665.990              77.684        25        20   148.084076    10.749759    17.630    1     43683      10.550
2022  7 17 15 43 48.964  218.0764123   74.7109042  309.8334778   -1.4543960   1020.868   1051.079           30609.240              74.119        25        20   148.083786    10.749866    17.770    1     43683      10.086
2022  7 17 15 43 53.764  218.0748004   74.7109347  309.8535243   -1.4545357   1020.535   1051.283           33039.572              79.579        25        20   148.083420    10.749995    17.550    1     43683      10.260
2022  7 17 15 43 58.564  218.0726960   74.7111119  309.8737630   -1.4546288   1020.747   1050.845           33798.377              80.539        25        20   148.083054    10.750133    17.530    1     43683      10.160
2022  7 17 15 44  3.364  218.0696966   74.7102943  309.8935690   -1.4556644   1020.746   1051.110           32717.186              77.095        25        20   148.082672    10.750262    17.910    1     43683      10.290
2022  7 17 15 44  8.164  218.0677536   74.7105458  309.9138191   -1.4556766   1020.494   1050.992           31963.885              77.817        25        20   148.082306    10.750396    17.720    1     43683       9.956
2022  7 17 15 44 12.964  218.0664788   74.7105500  309.9338549   -1.4558069   1020.630   1050.830           33362.228              80.014        25        20   148.082016    10.750501    17.620    1     43683      10.463
2022  7 17 15 44 17.764  218.0641671   74.7104186  309.9539496   -1.4561823   1020.695   1050.878           34017.863              80.910        25        20   148.081650    10.750635    17.730    1     43683      10.378
2022  7 17 15 44 22.564  218.0619561   74.7102139  309.9739628   -1.4566017   1020.515   1050.919           32456.994              80.820        25        20   148.081268    10.750767    17.630    1     43683      10.014
2022  7 17 15 44 27.364  218.0590642   74.7103462  309.9943395   -1.4568633   1020.566   1050.896           33795.307              80.516        25        20   148.080902    10.750898    17.810    1     43683      10.059
2022  7 17 15 44 32.164  218.0561223   74.7100185  310.0144472   -1.4574946   1020.500   1050.958           35354.699              81.137        25        20   148.080536    10.751033    17.710    1     43683      10.197
2022  7 17 15 46 26.857  218.0011894   74.7065937  310.4947547   -1.4668132   1019.654   1050.022           36546.820              82.772         5        20   148.072174    10.754053    17.670    1     43683      10.308
2022  7 17 15 46 31.657  217.9996373   74.7057856  310.5142654   -1.4676084   1019.229   1050.174           35736.840              82.758         5        20   148.071793    10.754183    17.960    1     43683      10.490
2022  7 17 15 46 36.457  217.9976566   74.7059125  310.5344471   -1.4677229   1019.343   1049.780           32684.366              79.793         5        20   148.071426    10.754319    17.790    1     43683      10.564
2022  7 17 15 46 41.257  217.9949289   74.7056484  310.5545495   -1.4682706   1019.493   1050.022           32668.500              79.609         5        20   148.071060    10.754452    17.830    1     43683      10.100
2022  7 17 15 46 46.057  217.9903428   74.7052148  310.5749390   -1.4692522   1019.235   1049.953           34746.983              81.540         5        20   148.070694    10.754583    17.740    1     43683      10.586
2022  7 17 15 46 50.857  217.9913366   74.7042292  310.5938838   -1.4698054   1018.860   1049.826           35964.608              82.259         5        20   148.070389    10.754689    17.950    1     43683      10.658
2022  7 17 15 46 55.657  217.9884929   74.7054697  310.6149230   -1.4691731   1019.332   1049.775           32170.342              80.854         5        20   148.070023    10.754824    17.720    1     43683      10.572
2022  7 17 15 47  0.457  217.9855453   74.7050053  310.6349492   -1.4699171   1019.003   1049.925           31559.564              79.732         5        20   148.069656    10.754955    17.840    1     43683      10.605
2022  7 17 15 47  5.257  217.9841611   74.7044630  310.6545860   -1.4704673   1018.945   1049.622           31641.621              79.837         5        20   148.069275    10.755092    17.930    1     43683      10.617
2022  7 17 15 47 10.057  217.9825037   74.7043786  310.6745729   -1.4707008   1019.049   1049.766           31702.205              77.980         5        20   148.068909    10.755225    17.890    1     43683      10.631
2022  7 17 15 47 14.857  217.9797204   74.7045554  310.6950303   -1.4709324   1018.998   1049.816           33294.787              82.599         5        20   148.068619    10.755332    17.840    1     43683      10.511
2022  7 17 15 47 19.657  217.9772917   74.7042883  310.7150523   -1.4714326   1018.873   1049.661           31165.717              81.331         5        20   148.068237    10.755467    17.840    1     43683      10.580
2022  7 17 15 47 24.457  217.9743686   74.7044313  310.7354427   -1.4716856   1018.879   1049.582           31027.073              80.962         5        20   148.067871    10.755602    17.900    1     43683      10.651
2022  7 17 15 47 29.257  217.9708358   74.7045290  310.7559337   -1.4720700   1018.852   1049.333           31417.793              85.561         5        20   148.067505    10.755739    17.930    1     43683      10.608
2022  7 17 15 47 34.057  217.9700514   74.7038326  310.7753664   -1.4726498   1018.916   1049.643           29944.710              74.808         5        20   148.067139    10.755873    17.940    1     43683       9.280
2022  7 17 15 47 38.857  217.9667684   74.7041874  310.7960207   -1.4728205   1018.695   1049.430           32198.553              86.489         5        20   148.066833    10.755979    17.990    1     43683      10.642
2022  7 17 15 47 43.657  217.9644603   74.7037811  310.8159492   -1.4734119   1018.872   1049.368           30984.093              84.156         5        20   148.066467    10.756114    17.920    1     43683      10.596
2022  7 17 15 47 48.457  217.9626218   74.7039034  310.8360995   -1.4735089   1018.784   1049.525           32377.282              86.377         5        20   148.066101    10.756248    17.880    1     43683      10.415
2022  7 17 15 47 53.257  217.9583553   74.7039639  310.8567221   -1.4740390   1018.597   1049.181           31655.541              81.347         5        20   148.065735    10.756386    17.800    1     43683      10.562
2022  7 17 15 47 58.057  217.9566332   74.7038017  310.8766756   -1.4743436   1018.822   1049.254           32115.012              85.630         5        20   148.065369    10.756520    18.010    1     43683      10.531
2022  7 17 15 48 26.857  217.9431637   74.7030319  310.9972226   -1.4765330   1016.567   1049.885           29336.204              73.936        12        19   148.063217    10.757301    18.000    1     43683      10.664
2022  7 17 15 48 31.657  217.9415270   74.7027513  311.0170716   -1.4769121   1016.814   1049.958           30122.879              75.004        12        19   148.062836    10.757441    18.090    1     43683      10.579
2022  7 17 15 48 36.457  217.9398699   74.7023294  311.0368532   -1.4774119   1016.423   1049.872           29938.555              77.019        12        19   148.062469    10.757576    17.910    1     43683      10.474
2022  7 17 15 48 41.257  217.9361672   74.7023184  311.0573145   -1.4779095   1016.731   1049.856           31165.213              77.220        12        19   148.062103    10.757713    17.960    1     43683      10.394
2022  7 17 15 48 46.058  217.9339336   74.7020727  311.0773292   -1.4783620   1016.470   1049.923           27146.137              72.827        12        19   148.061737    10.757847    18.020    1     43683      10.408
2022  7 17 15 48 50.858  217.9324397   74.7017112  311.0971751   -1.4788115   1016.319   1049.778           27938.707              70.668        12        19   148.061432    10.757958    18.080    1     43683      10.602
2022  7 17 15 48 55.658  217.9302732   74.7021898  311.1176102   -1.4786748   1016.566   1049.805           30202.598              76.422        12        19   148.061066    10.758094    18.080    1     43683      10.664
2022  7 17 15 49  0.458  217.9269328   74.7014573  311.1375576   -1.4796916   1016.280   1049.567           30352.274              79.310        12        19   148.060699    10.758228    18.120    1     43683      10.679
2022  7 17 15 49  5.258  217.9262459   74.7016221  311.1574919   -1.4795644   1016.397   1049.679           30438.669              73.988        12        19   148.060333    10.758368    18.090    1     43683      10.608
2022  7 17 15 49 10.058  217.9236589   74.7012764  311.1775013   -1.4801519   1016.321   1049.782           31513.869              76.046        12        19   148.059952    10.758503    18.130    1     43683      10.436
2022  7 17 15 49 14.858  217.9193716   74.7011040  311.1980637   -1.4808969   1016.038   1049.379           30784.561              77.565        12        19   148.059662    10.758614    18.010    1     43683       8.436
2022  7 17 15 49 19.658  217.9205164   74.7008929  311.2173855   -1.4807833   1016.320   1049.752           43677.926              80.128        12        19   148.059296    10.758747    18.220    1     43683       9.202
2022  7 17 15 49 29.258  217.9121719   74.6994798  311.2576628   -1.4830391   1016.065   1049.461            7107.619              31.510        12        19   148.058563    10.759017    18.230    1     43683       9.904
2022  7 17 15 49 34.058  217.9115067   74.7007727  311.2782754   -1.4820182   1015.991   1049.677           12753.149              41.600        12        19   148.058197    10.759149    18.060    1     43683      10.576
2022  7 17 15 49 38.858  217.9078484   74.7005388  311.2986537   -1.4827124   1015.974   1049.163           18820.042              53.786        12        19   148.057892    10.759259    18.070    1     43683      10.037
2022  7 17 15 49 43.658  217.9041774   74.7000085  311.3187943   -1.4836228   1016.108   1049.254           16326.880              49.400        12        19   148.057526    10.759391    18.150    1     43683      10.061
2022  7 17 15 49 48.458  217.9047939   74.7000002  311.3383490   -1.4834311   1015.933   1049.575           25106.994              63.019        12        19   148.057159    10.759525    18.400    1     43683      10.108
2022  7 17 15 49 53.258  217.9020533   74.7002641  311.3587749   -1.4835537   1015.722   1049.250           30994.833              70.853        12        19   148.056793    10.759664    18.170    1     43683      10.256
2022  7 17 15 49 58.058  217.8981166   74.6998910  311.3790667   -1.4843763   1016.050   1049.071           29037.358              65.568        12        19   148.056427    10.759801    18.100    1     43683      10.507
2022  7 17 15 53 14.859  217.8037945   74.6942330  312.2034513   -1.5000334   1013.615   1049.294           30457.458              79.538         6        10   148.042084    10.765083    18.580    1     43683      10.443
2022  7 17 15 53 19.659  217.8013587   74.6937729  312.2233765   -1.5006861   1013.338   1049.143           31141.265              75.143         6        10   148.041718    10.765219    18.610    1     43683       9.878
2022  7 17 15 53 24.459  217.7995332   74.6935465  312.2433134   -1.5010542   1013.539   1049.049           30508.099              75.665         6        10   148.041351    10.765356    18.620    1     43683      10.581
2022  7 17 15 53 29.259  217.7963041   74.6936545  312.2637486   -1.5013803   1013.410   1049.124           31777.742              75.468         6        10   148.040985    10.765492    18.700    1     43683      10.272
2022  7 17 15 53 34.059  217.7968403   74.6933874  312.2831648   -1.5014034   1013.271   1048.992           30827.869              73.749         6        10   148.040619    10.765630    18.540    1     43683      10.725
2022  7 17 15 53 38.859  217.7932005   74.6930425  312.3034890   -1.5021858   1013.474   1049.092           31588.821              74.978         6        10   148.040329    10.765736    18.670    1     43683      10.599
2022  7 17 15 53 43.659  217.7912548   74.6925014  312.3232622   -1.5028259   1013.094   1049.045           29654.194              74.167         6        10   148.039963    10.765871    18.610    1     43683      10.090
2022  7 17 15 53 48.459  217.7899447   74.6927162  312.3433580   -1.5027609   1013.373   1048.939           28268.291              71.765         6        10   148.039597    10.766007    18.670    1     43683      10.666
2022  7 17 15 53 53.259  217.7859643   74.6923838  312.3636848   -1.5035558   1013.181   1049.070           29902.050              74.004         6        10   148.039230    10.766145    18.720    1     43683      10.637
2022  7 17 15 53 58.059  217.7850507   74.6921768  312.3834425   -1.5037591   1012.966   1048.888           30763.778              73.333         6        10   148.038864    10.766286    18.650    1     43683      10.483
2022  7 17 15 58 17.261  217.6594451   74.6843837  313.4693333   -1.5248174   1009.447   1045.106           28326.910              72.939        10        20   148.019928    10.773229    18.950    1     43683      10.521
2022  7 17 15 58 22.061  217.6567343   74.6846896  313.4897798   -1.5249038   1009.741   1045.078           28920.792              71.879        10        20   148.019562    10.773362    18.840    1     43683      10.433
2022  7 17 15 58 26.861  217.6542787   74.6842970  313.5098279   -1.5255344   1009.543   1045.234           30720.014              77.423        10        20   148.019272    10.773468    19.020    1     43683      10.443
2022  7 17 15 58 31.661  217.6533805   74.6840909  313.5295837   -1.5257368   1009.214   1044.962           28048.275              69.958        10        20   148.018906    10.773606    18.970    1     43683      10.161
2022  7 17 15 58 36.461  217.6507331   74.6838019  313.5496579   -1.5262824   1009.590   1044.989           28014.344              70.841        10        20   148.018539    10.773745    18.740    1     43683      10.455
2022  7 17 15 58 41.261  217.6468119   74.6834184  313.5699601   -1.5271118   1009.263   1045.099           28690.525              72.061        10        20   148.018188    10.773878    18.920    1     43683      10.507
2022  7 17 15 58 46.061  217.6472388   74.6835512  313.5896401   -1.5268310   1009.120   1044.859           27001.449              68.343        10        20   148.017822    10.774018    19.070    1     43683      10.447
2022  7 17 15 58 50.861  217.6447491   74.6830007  313.6096007   -1.5275881   1009.324   1044.842           28586.716              71.806        10        20   148.017532    10.774129    18.820    1     43683      10.437
2022  7 17 15 58 55.661  217.6427393   74.6828404  313.6296187   -1.5279364   1009.040   1044.923           28717.566              72.020        10        20   148.017166    10.774261    18.970    1     43683      10.456
2022  7 17 15 59  0.461  217.6414029   74.6824758  313.6493718   -1.5283390   1008.967   1044.783           27128.860              69.511        10        20   148.016800    10.774395    18.910    1     43683      10.534
2022  7 17 15 59  5.261  217.6391890   74.6821864  313.6693553   -1.5288239   1009.116   1044.859           28276.739              69.725        10        20   148.016434    10.774526    18.930    1     43683      10.323
2022  7 17 15 59 10.061  217.6360380   74.6821742  313.6897035   -1.5292351   1009.005   1044.789           28627.754              71.750        10        20   148.016068    10.774658    19.000    1     43683       9.554
2022  7 17 15 59 14.861  217.6334209   74.6820049  313.7099204   -1.5297127   1008.880   1044.818           27839.364              70.443        10        20   148.015778    10.774764    19.120    1     43683      10.311
2022  7 17 15 59 19.661  217.6300804   74.6823161  313.7305022   -1.5298946   1008.917   1044.467           27570.031              74.914        10        20   148.015411    10.774897    19.020    1     43683      10.531
2022  7 17 15 59 24.461  217.6292665   74.6815003  313.7498736   -1.5305776   1008.897   1044.611           28196.327              75.789        10        20   148.015045    10.775028    18.940    1     43683      10.537
2022  7 17 15 59 29.261  217.6270713   74.6816282  313.7701044   -1.5307229   1008.876   1044.696           29283.104              77.301        10        20   148.014679    10.775162    19.070    1     43683      10.451
2022  7 17 15 59 34.061  217.6235320   74.6818446  313.7906722   -1.5310140   1008.730   1044.386           30492.210              79.731        10        20   148.014313    10.775293    18.920    1     43683      10.533
2022  7 17 15 59 38.861  217.6224113   74.6815982  313.8105118   -1.5313154   1008.931   1044.488           29566.625              70.049        10        20   148.014008    10.775399    19.160    1     43683      10.074
2022  7 17 15 59 43.661  217.6183596   74.6815722  313.8310411   -1.5318825   1008.783   1044.348           29346.848              77.260        10        20   148.013641    10.775529    19.020    1     43683      10.451
2022  7 17 15 59 48.461  217.6168004   74.6813586  313.8509322   -1.5322036   1008.795   1044.497           28429.335              75.273        10        20   148.013275    10.775659    18.980    1     43683      10.483
2022  7 17 16  0 22.062  217.6016278   74.6805075  313.9915363   -1.5346300   1009.504   1044.804           28580.947              70.366       136        19   148.010788    10.776551    19.040    1     43683      10.407
2022  7 17 16  0 26.862  217.5967162   74.6807560  314.0124744   -1.5351346   1009.628   1044.243           27881.996              71.326       136        19   148.010483    10.776660    19.000    1     43683       9.944
2022  7 17 16  0 31.662  217.5967656   74.6800637  314.0317381   -1.5355819   1009.723   1044.580           28683.859              75.556       136        19   148.010117    10.776791    19.020    1     43683      10.096
2022  7 17 16  0 36.462  217.5938097   74.6798227  314.0519071   -1.5361424   1009.369   1044.486           27763.955              74.112       136        19   148.009750    10.776925    18.990    1     43683      10.595
2022  7 17 16  0 41.262  217.5891207   74.6795768  314.0724404   -1.5369800   1009.453   1044.213           26584.744              69.150       136        19   148.009384    10.777061    18.980    1     43683      10.013
2022  7 17 16  0 46.062  217.5868432   74.6796432  314.0926519   -1.5371871   1009.434   1044.091           27896.808              71.473       136        19   148.009018    10.777195    18.930    1     43683       9.911
2022  7 17 16  0 50.862  217.5851309   74.6794569  314.1126679   -1.5375333   1009.500   1044.202           27842.061              71.334       136        19   148.008728    10.777302    18.980    1     43683      10.648
2022  7 17 16  0 55.662  217.5821743   74.6789601  314.1326845   -1.5382994   1009.325   1044.236           27986.105              71.679       136        19   148.008362    10.777435    19.010    1     43683      10.540
2022  7 17 16  1  0.462  217.5807768   74.6788076  314.1525784   -1.5385428   1009.129   1044.152           28249.771              72.202       136        19   148.007996    10.777568    18.940    1     43683       9.848
2022  7 17 16  1  5.262  217.5797655   74.6784196  314.1722483   -1.5389111   1009.160   1044.048           25383.118              67.244       136        19   148.007629    10.777703    18.910    1     43683      10.990
2022  7 17 16  1 10.062  217.5765120   74.6782633  314.1925323   -1.5394521   1009.302   1044.193           25672.712              70.065       136        19   148.007263    10.777836    18.990    1     43683      10.359
2022  7 17 16  1 14.862  217.5750595   74.6781344  314.2125281   -1.5397100   1008.981   1044.006           27050.292              68.204       136        19   148.006973    10.777944    18.970    1     43683      10.499
2022  7 17 16  1 19.662  217.5718741   74.6783441  314.2330176   -1.5399464   1009.129   1043.998           26022.006              68.265       136        19   148.006607    10.778078    18.970    1     43683      10.393
2022  7 17 16  1 24.462  217.5711930   74.6780382  314.2526680   -1.5401958   1008.905   1043.872           27947.131              71.592       136        19   148.006241    10.778214    18.880    1     43683      10.262
2022  7 17 16  1 29.262  217.5685974   74.6779633  314.2728770   -1.5405671   1009.155   1043.996           27526.361              70.860       136        19   148.005890    10.778347    18.950    1     43683      10.455
2022  7 17 16  1 34.062  217.5660367   74.6776190  314.2929018   -1.5411493   1008.846   1044.006           28651.789              70.817       136        19   148.005524    10.778479    18.990    1     43683      10.518
2022  7 17 16  1 38.862  217.5644670   74.6775136  314.3129214   -1.5414061   1008.982   1043.790           27400.872              68.625       136        19   148.005219    10.778588    18.910    1     43683      10.530
2022  7 17 16  1 43.662  217.5612340   74.6772776  314.3331685   -1.5420092   1008.927   1043.941           26428.699              66.929       136        19   148.004868    10.778719    18.820    1     43683      10.149
2022  7 17 16  1 48.462  217.5579401   74.6768594  314.3533031   -1.5427658   1008.610   1043.660           31537.720              73.286       136        19   148.004501    10.778852    18.910    1     43683      10.306
2022  7 17 16  2 22.062  217.5423769   74.6770039  314.4945874   -1.5444410   1007.595   1043.454           24163.345              67.201        33        20   148.002014    10.779757    18.970    1     43683       9.734
2022  7 17 16  2 22.062  204.0529605   69.6623480  315.5332534   -7.9272337    143.452     58.000           10656.800              41.747        33        20   148.002014    10.779757    18.970    1     43683       9.540
2022  7 17 16  2 31.662  217.5396844   74.6761669  314.5341108   -1.5453652   1007.445   1043.651           22483.698              64.187        33        20   148.001358    10.779994    18.940    1     43683      10.076
2022  7 17 16  2 36.462  217.5342362   74.6763529  314.5550800   -1.5459827   1007.502   1043.375           25477.146              70.562        33        20   148.001007    10.780124    19.020    1     43683       9.486
2022  7 17 16  2 41.262  217.5334931   74.6756445  314.5745022   -1.5465697   1007.395   1043.482           30049.814              73.544        33        20   148.000641    10.780254    19.040    1     43683       9.010
2022  7 17 16  2 46.062  217.5318858   74.6755499  314.5944757   -1.5468007   1007.160   1043.456           24386.742              66.131        33        20   148.000275    10.780386    19.110    1     43683       9.678
2022  7 17 16  2 50.862  217.5277589   74.6756104  314.6151511   -1.5473278   1007.399   1043.151           23949.998              66.019        33        20   147.999985    10.780497    18.980    1     43683      10.103
2022  7 17 16  2 55.662  217.5253199   74.6746499  314.6347810   -1.5483823   1007.123   1043.167           15476.646              53.551        33        20   147.999619    10.780630    18.900    1     43683      10.486
2022  7 17 16  3  0.462  217.5239077   74.6750734  314.6550231   -1.5481648   1007.165   1043.150           19941.345              58.030        33        20   147.999252    10.780765    19.050    1     43683       9.846
2022  7 17 16  3  5.262  217.5216598   74.6746176  314.6749155   -1.5487843   1007.125   1043.112           26167.230              65.168        33        20   147.998886    10.780899    19.100    1     43683      10.347
2022  7 17 16  3 10.063  217.5178190   74.6742819  314.6952212   -1.5495592   1006.982   1043.057           27215.731              67.193        33        20   147.998520    10.781034    19.030    1     43683      11.170
2022  7 17 16  3 14.863  217.5177443   74.6742518  314.7149851   -1.5495192   1006.960   1042.955           25622.901              64.095        33        20   147.998230    10.781142    19.050    1     43683       9.392
2022  7 17 16  3 19.663  217.5140449   74.6742285  314.7354441   -1.5500216   1007.140   1043.077           27404.930              68.180        33        20   147.997864    10.781277    19.100    1     43683      10.464
2022  7 17 16  3 24.463  217.5123877   74.6743059  314.7555315   -1.5501217   1006.843   1042.949           29577.490              69.970        33        20   147.997498    10.781410    19.090    1     43683      10.445
2022  7 17 16  3 29.263  217.5108988   74.6741954  314.7754695   -1.5503425   1006.985   1042.927           27517.577              67.240        33        20   147.997131    10.781546    19.090    1     43683      10.166
2022  7 17 16  3 34.063  217.5084066   74.6738510  314.7954806   -1.5509104   1006.915   1043.097           25403.475              65.288        33        20   147.996765    10.781681    19.150    1     43683      10.059
2022  7 17 16  3 38.863  217.5058412   74.6737995  314.8157587   -1.5512813   1006.650   1042.826           27880.752              71.839        33        20   147.996475    10.781790    19.250    1     43683      10.256
2022  7 17 16  3 43.663  217.5041714   74.6735093  314.8356283   -1.5516736   1006.856   1042.811           28925.543              67.691        33        20   147.996109    10.781927    19.130    1     43683      10.644
2022  7 17 16  3 48.463  217.5013867   74.6741679  314.8563029   -1.5514840   1006.690   1042.865           28636.388              68.271        33        20   147.995743    10.782063    19.230    1     43683      10.294
2022  7 17 16  3 53.263  217.5002077   74.6737431  314.8760030   -1.5519082   1006.707   1042.686           30891.772              74.451        33        20   147.995392    10.782198    19.070    1     43683      10.432
2022  7 17 16  6 26.864  217.4268919   74.6688959  315.5192747   -1.5643823   1004.799   1039.524            4515.756              27.254      3820        17   147.984238    10.786240    19.040    1     43683       9.546
2022  7 17 16  6 31.664  217.4214416   74.6687240  315.5400161   -1.5652784   1004.952   1039.124           13667.564              44.043      3820        17   147.983871    10.786376    19.150    1     43683      10.301
2022  7 17 16  6 36.464  217.4199226   74.6679319  315.5595702   -1.5660513   1004.888   1039.265           27363.652              66.407      3820        17   147.983521    10.786510    18.990    1     43683      10.231
2022  7 17 16  6 41.264  217.4177451   74.6682353  315.5799026   -1.5660486   1004.736   1039.385           28533.348              69.371      3820        17   147.983154    10.786646    19.180    1     43683       8.881
2022  7 17 16  6 46.064  217.4156678   74.6677554  315.5997460   -1.5666567   1004.486   1039.161           28071.554              67.951      3820        17   147.982788    10.786783    19.070    1     43683       9.622
2022  7 17 16  6 50.864  217.4134143   74.6677702  315.6199836   -1.5669241   1004.712   1039.182           26286.681              66.246      3820        17   147.982483    10.786892    19.040    1     43683      10.515
2022  7 17 16  6 55.664  217.4072987   74.6669271  315.6404807   -1.5684670   1004.296   1038.901           26361.878              64.251      3820        17   147.982132    10.787024    19.040    1     43683      10.267
2022  7 17 16  7  0.464  217.4090271   74.6658982  315.6591889   -1.5689111   1004.196   1038.931           26694.586              65.135      3820        17   147.981766    10.787163    19.090    1     43683      10.744
2022  7 17 16  7  5.264  217.4063061   74.6666901  315.6799299   -1.5686067   1004.457   1039.126           25934.938              68.051      3820        17   147.981400    10.787295    19.210    1     43683       9.840
2022  7 17 16  7 10.064  217.4048574   74.6665848  315.6998633   -1.5688152   1004.140   1039.048           25175.360              66.746      3820        17   147.981033    10.787432    19.170    1     43683      10.517
2022  7 17 16  7 14.864  217.4030875   74.6668247  315.7201483   -1.5688265   1004.371   1038.948           25878.888              70.729      3820        17   147.980743    10.787540    19.030    1     43683      10.241
2022  7 17 16  7 19.664  217.4017354   74.6660747  315.7396765   -1.5695372   1004.058   1038.939           24589.616              65.859      3820        17   147.980377    10.787676    18.980    1     43683      10.159
2022  7 17 16  7 24.464  217.3987792   74.6660232  315.7599628   -1.5699380   1004.206   1038.825           24861.038              68.895      3820        17   147.980011    10.787816    19.100    1     43683      10.432
2022  7 17 16  7 29.264  217.3960848   74.6656948  315.7800279   -1.5705222   1004.175   1038.985           25505.996              67.570      3820        17   147.979645    10.787953    19.210    1     43683      10.423
2022  7 17 16  7 34.064  217.3944398   74.6656654  315.8000494   -1.5706968   1003.900   1038.783           26343.398              67.540      3820        17   147.979279    10.788094    19.010    1     43683      10.593
2022  7 17 16  7 38.864  217.3921295   74.6656503  315.8202965   -1.5709949   1004.196   1038.866           25775.196              66.699      3820        17   147.978989    10.788205    19.080    1     43683      10.059
2022  7 17 16  7 43.664  217.3888783   74.6653629  315.8405033   -1.5716332   1003.845   1038.788           25007.590              67.066      3820        17   147.978622    10.788343    19.130    1     43683      10.560
