2022  7 19 16 15 27.390  166.6780021   69.1028513  321.7873427   -2.8103571   1012.724    814.214           30563.236             100.298        11        20   136.054520    17.658842    18.250    1     43683      10.485
2022  7 19 16 15 32.190  166.6767546   69.1019506  321.8077091   -2.8109165   1012.802    814.257           29500.873              97.733        11        20   136.054199    17.659092    18.450    1     43683      10.673
2022  7 19 16 15 36.990  166.6772086   69.1013328  321.8274829   -2.8113823   1012.794    814.196           29563.112              96.397        11        20   136.053940    17.659292    18.410    1     43683      10.398
2022  7 19 16 15 41.790  166.6765545   69.1007092  321.8475820   -2.8117134   1012.908    814.069           30861.386              94.347        11        20   136.053619    17.659546    18.420    1     43683      10.558
2022  7 19 16 15 46.590  166.6758157   69.0995410  321.8678308   -2.8125715   1013.023    814.138           29482.876              90.976        11        20   136.053299    17.659798    18.470    1     43683      10.324
2022  7 19 16 15 51.390  166.6792321   69.0991151  321.8864839   -2.8130300   1013.050    814.664           19783.516              74.345        11        20   136.052994    17.660049    18.440    1     43683      10.849
2022  7 19 16 15 56.190  166.6739619   69.0983159  321.9082304   -2.8131707   1013.054    813.857           28205.512              94.214        11        20   136.052673    17.660305    18.410    1     43683      10.651
2022  7 19 16 16  0.990  166.6749669   69.0979198  321.9277636   -2.8134651   1013.538    814.167           29574.932              91.522        11        20   136.052414    17.660503    18.580    1     43683      10.693
2022  7 19 16 16  5.790  166.6753563   69.0975749  321.9474390   -2.8136096   1013.484    814.510           28977.668              90.741        11        20   136.052094    17.660753    18.630    1     43683      10.362
2022  7 19 16 16 10.590  166.6742041   69.0968789  321.9677277   -2.8139745   1013.433    813.948           27630.382              87.485        11        20   136.051773    17.661005    18.540    1     43683      10.400
2022  7 19 16 16 15.390  166.6731796   69.0959922  321.9880146   -2.8145375   1013.685    814.024           29138.786              92.887        11        20   136.051453    17.661255    18.550    1     43683       9.982
2022  7 19 16 16 20.190  166.6721233   69.0954677  322.0082323   -2.8147424   1013.634    814.190           29647.512              97.736        11        20   136.051132    17.661507    18.660    1     43683      10.529
2022  7 19 16 16 24.990  166.6727530   69.0945119  322.0280338   -2.8155517   1013.812    814.010           29535.327              91.278        11        20   136.050888    17.661707    18.700    1     43683      10.006
2022  7 19 16 16 29.790  166.6715888   69.0935768  322.0483800   -2.8161488   1013.885    814.274           28613.726              89.173        11        20   136.050568    17.661959    18.770    1     43683      10.562
2022  7 19 16 16 34.590  166.6708246   69.0930571  322.0684949   -2.8163709   1013.858    813.995           28567.719              89.472        11        20   136.050247    17.662212    18.600    1     43683       9.678
2022  7 19 16 16 39.390  166.6707824   69.0921858  322.0884360   -2.8169933   1014.125    813.981           29369.056              90.797        11        20   136.049927    17.662464    18.710    1     43683      10.424
2022  7 19 16 16 44.190  166.6694420   69.0915961  322.1087671   -2.8172378   1013.944    814.029           28212.534              89.198        11        20   136.049606    17.662718    18.740    1     43683      10.534
2022  7 19 16 16 48.990  166.6703177   69.0908322  322.1284409   -2.8178789   1014.252    813.911           28126.358              87.732        11        20   136.049362    17.662918    18.750    1     43683      10.677
2022  7 19 16 16 53.790  166.6681034   69.0899944  322.1491320   -2.8182991   1014.205    814.003           29441.740              90.713        11        20   136.049042    17.663170    18.800    1     43683      10.349
2022  7 19 16 16 58.590  166.6685280   69.0897621  322.1687696   -2.8183324   1014.314    814.026           28385.269              89.844        11        20   136.048721    17.663424    18.880    1     43683      10.429
2022  7 19 16 17 17.791  166.6671919   69.0870119  322.2488747   -2.8200604   1014.697    813.937           24931.494              96.052        14        19   136.047531    17.664385    18.990    1     43683      10.302
2022  7 19 16 17 17.791  166.1253563   64.5326685  323.4806738   -7.2112079    105.268    674.000            1331.494              21.645        14        19   136.047531    17.664385    18.990    1     43683       7.381
2022  7 19 16 17 27.391  166.6653199   69.0856040  322.2893063   -2.8208419   1014.780    813.949           29402.154              93.127        14        19   136.046890    17.664886    18.870    1     43683      10.343
2022  7 19 16 17 32.191  166.6655119   69.0846326  322.3092027   -2.8215842   1014.891    813.772           28170.198              90.572        14        19   136.046585    17.665134    18.950    1     43683      10.315
2022  7 19 16 17 36.991  166.6621935   69.0831640  322.3304786   -2.8225864   1014.907    813.692           11478.010              53.820        14        19   136.046326    17.665333    18.980    1     43683      10.578
2022  7 19 16 17 41.791  166.6641658   69.0832377  322.3495092   -2.8224458   1015.089    813.792           27141.905              85.947        14        19   136.046005    17.665583    19.040    1     43683      10.169
2022  7 19 16 17 46.591  166.6639480   69.0826307  322.3694539   -2.8228005   1015.212    813.881           27865.336              87.462        14        19   136.045685    17.665831    19.360    1     43683      10.196
2022  7 19 16 17 51.391  166.6637826   69.0819608  322.3893930   -2.8232226   1015.220    813.898           28204.856              90.677        14        19   136.045364    17.666077    19.790    1     43683      10.200
2022  7 19 16 17 56.191  166.6623926   69.0817655  322.4096563   -2.8230838   1015.529    813.832           27072.002              88.410        14        19   136.045044    17.666325    20.220    1     43683      10.799
2022  7 19 16 18  0.991  166.6625505   69.0810145  322.4295776   -2.8236562   1015.411    813.705           27148.410              85.538        14        19   136.044800    17.666525    20.260    1     43683      10.602
2022  7 19 16 18  5.791  166.6613061   69.0801674  322.4499320   -2.8241649   1015.771    813.675           27671.471              90.171        14        19   136.044479    17.666773    20.590    1     43683      10.573
2022  7 19 16 18 10.591  166.6619744   69.0797032  322.4695362   -2.8244513   1015.672    813.857           27111.465              89.631        14        19   136.044159    17.667019    20.880    1     43683      10.648
2022  7 19 16 18 15.391  166.6624371   69.0784491  322.4893852   -2.8254924   1015.817    813.705           20804.499              76.396        14        19   136.043839    17.667265    21.100    1     43683       9.544
2022  7 19 16 18 20.191  166.6625276   69.0784861  322.5090803   -2.8252427   1015.900    813.933           10260.113              47.061        14        19   136.043518    17.667513    21.230    1     43683       8.490
2022  7 19 16 18 29.791  166.6578908   69.0767530  322.5506242   -2.8261739   1016.258    813.545           15149.653              56.834        14        19   136.042953    17.667965    21.250    1     43683       9.785
2022  7 19 16 18 34.591  166.6598885   69.0756928  322.5699102   -2.8271437   1016.146    813.853           25777.391              79.135        14        19   136.042648    17.668213    21.600    1     43683       9.605
2022  7 19 16 18 39.391  166.6575195   69.0750398  322.5906155   -2.8273691   1016.121    813.867           12070.555              52.059        14        19   136.042328    17.668467    21.580    1     43683      10.270
2022  7 19 16 18 44.191  166.6575468   69.0747847  322.6104126   -2.8273943   1016.301    813.519           18881.355              66.412        14        19   136.042023    17.668720    21.730    1     43683       9.039
2022  7 19 16 18 48.991  166.6559048   69.0739264  322.6309694   -2.8279285   1016.456    813.428            8745.925              44.093        14        19   136.041763    17.668922    21.460    1     43683       9.737
2022  7 19 16 19 56.191  166.6482477   69.0638835  322.9124583   -2.8340067   1007.292    852.218           19290.148              72.412        36        13   136.037598    17.672424    21.380    1     43683      10.745
2022  7 19 16 20  0.991  166.6493556   69.0631340  322.9320477   -2.8346397   1007.172    852.222           26390.212              85.423        36        13   136.037354    17.672636    21.420    1     43683      10.818
2022  7 19 16 20  5.792  166.6483703   69.0624190  322.9523024   -2.8350264   1007.323    852.181           28646.505              92.831        36        13   136.037048    17.672897    21.320    1     43683      10.608
2022  7 19 16 20 10.592  166.6478855   69.0619656  322.9723217   -2.8351979   1007.470    852.278           28016.701              90.678        36        13   136.036743    17.673157    21.270    1     43683      10.600
2022  7 19 16 20 15.392  166.6475125   69.0608468  322.9924479   -2.8360283   1007.223    852.165           27377.456              85.247        36        13   136.036438    17.673416    21.170    1     43683      10.515
2022  7 19 16 20 24.992  166.6470875   69.0600518  323.0323332   -2.8363557   1007.552    852.309           25839.214              87.907        36        13   136.035889    17.673885    21.380    1     43683      10.058
2022  7 19 16 20 29.792  166.6459621   69.0590060  323.0527052   -2.8370530   1007.528    852.105           21415.663              76.901        36        13   136.035583    17.674147    21.340    1     43683      10.562
2022  7 19 16 20 39.392  166.6461426   69.0578688  323.0923930   -2.8377126   1007.598    852.150           17814.147              67.758        36        13   136.034973    17.674665    21.160    1     43683       9.449
2022  7 19 16 20 44.192  166.6474032   69.0568959  323.1119318   -2.8385276   1007.875    852.213            9513.604              46.481        36        13   136.034683    17.674925    21.440    1     43683      10.018
2022  7 19 16 20 48.992  166.6448750   69.0566837  323.1326731   -2.8383556   1007.930    852.213            8520.907              45.088        36        13   136.034439    17.675133    21.330    1     43683      10.098
2022  7 19 16 21  3.392  166.6427701   69.0540212  323.1932442   -2.8400933   1007.864    852.211           22778.888              73.192        36        13   136.033524    17.675909    21.290    1     43683       9.710
2022  7 19 16 21  8.192  166.6424680   69.0528899  323.2133476   -2.8409424   1007.892    852.142           33294.703              92.010        36        13   136.033218    17.676167    21.410    1     43683       9.858
2022  7 19 16 21 12.992  166.6448474   69.0524942  323.2324152   -2.8413346   1008.030    852.083           22094.510              76.322        36        13   136.032974    17.676374    21.310    1     43683       9.953