2022  7 17  9 27 53.951  226.4359464   74.2288145  215.3108097   -0.7676522   1069.055   1156.468            2619.777              30.384         6         6   149.794205    10.127196    20.850    1     43683      11.506
2022  7 17  9 27 56.951  226.4328821   74.2302457  215.3247201   -0.7671812   1068.964   1156.044            2648.542              29.597         6         6   149.793976    10.127277    20.780    1     43683      10.924
2022  7 17  9 28  5.951  226.4325104   74.2296985  215.3613008   -0.7674436   1069.060   1156.419            2353.576              28.188         6         6   149.793274    10.127520    20.910    1     43683      11.384
2022  7 17  9 28 17.951  226.4270659   74.2316256  215.4129339   -0.7668928   1069.676   1156.008            2706.007              29.798         6         6   149.792358    10.127846    20.650    1     43683      11.472
2022  7 17  9 28 20.951  226.4290924   74.2307597  215.4242362   -0.7670414   1069.052   1156.361            2757.458              30.130         6         6   149.792130    10.127927    20.920    1     43683      11.414
2022  7 17  9 28 23.951  226.4307473   74.2308532  215.4362934   -0.7665906   1069.037   1156.647            2111.268              27.053         6         6   149.791901    10.128008    20.980    1     43683      10.527
2022  7 17  9 29  2.951  226.4191235   74.2341642  215.6008087   -0.7656348   1069.124   1156.275            2893.959              30.801         7         6   149.788895    10.129122    20.990    1     43683      10.722
2022  7 17  9 29  5.951  226.4193364   74.2338631  215.6128584   -0.7657382   1069.077   1156.373            2171.784              27.370         7         6   149.788666    10.129205    21.040    1     43683       9.843
2022  7 17  9 29 17.951  226.4122665   74.2360028  215.6649523   -0.7653514   1069.429   1156.014            2702.804              29.909         7         6   149.787750    10.129533    21.020    1     43683      11.498
2022  7 17  9 29 20.951  226.4147700   74.2352579  215.6762344   -0.7653271   1069.071   1156.272            2185.978              27.485         7         6   149.787506    10.129610    21.070    1     43683      11.478
2022  7 17  9 29 32.952  226.4118452   74.2362296  215.7266948   -0.7649617   1069.160   1156.209            2681.865              29.887         7         6   149.786575    10.129930    20.940    1     43683      11.114
2022  7 17  9 29 50.952  226.4073260   74.2383972  215.8029195   -0.7639519   1069.363   1156.051            3150.615              32.113         7         6   149.785187    10.130400    20.930    1     43683      11.473
2022  7 17  9 34  5.953  226.3522746   74.2567372  216.8722719   -0.7561905   1072.397   1167.156            2634.343              29.873         4        19   149.765564    10.137440    21.280    1     43683      11.073
2022  7 17  9 34  8.953  226.3524422   74.2576947  216.8852134   -0.7554223   1072.861   1167.237            3006.633              32.237         4        19   149.765320    10.137522    21.280    1     43683      11.216
2022  7 17  9 34 11.953  226.3515348   74.2576704  216.8976738   -0.7555503   1072.691   1167.200            2792.003              31.302         4        19   149.765091    10.137604    21.300    1     43683       9.587
2022  7 17  9 34 14.953  226.3525467   74.2581293  216.9101140   -0.7549693   1072.926   1167.378            3072.874              32.493         4        19   149.764862    10.137685    21.290    1     43683      11.205
2022  7 17  9 34 17.953  226.3547088   74.2583312  216.9221521   -0.7543457   1072.822   1167.634            2859.300              31.625         4        19   149.764633    10.137766    21.240    1     43683      11.199
2022  7 17  9 34 20.953  226.3551619   74.2581297  216.9342274   -0.7543356   1072.638   1167.796            3013.017              32.273         4        19   149.764404    10.137847    21.420    1     43683      11.236
2022  7 17  9 34 23.953  226.3560958   74.2585002  216.9466045   -0.7538335   1072.744   1167.961            2967.656              31.436         4        19   149.764160    10.137926    21.530    1     43683      11.212
2022  7 17  9 34 26.953  226.3489826   74.2582138  216.9600580   -0.7553452   1072.500   1167.302            2971.543              32.154         4        19   149.763931    10.138009    21.290    1     43683      11.132
2022  7 17  9 34 29.953  226.3472358   74.2589643  216.9732309   -0.7550896   1072.909   1167.070            3046.811              31.745         4        19   149.763702    10.138094    21.200    1     43683      11.307
2022  7 17  9 34 32.953  226.3529042   74.2591112  216.9845640   -0.7538233   1072.875   1167.816            2660.482              29.881         4        19   149.763474    10.138178    21.160    1     43683      11.042
2022  7 17  9 34 35.953  226.3495278   74.2591025  216.9975051   -0.7544152   1072.500   1167.533            3081.688              32.592         4        19   149.763245    10.138263    21.470    1     43683      11.230
2022  7 17  9 34 38.953  226.3446805   74.2617346  217.0126095   -0.7534386   1073.247   1167.055            5443.546              42.708         4        19   149.763016    10.138350    21.280    1     43683      11.183
2022  7 17  9 34 41.953  226.3546809   74.2592893  217.0212690   -0.7531511   1072.893   1167.759            5355.430              42.383         4        19   149.762787    10.138434    21.390    1     43683      11.138
2022  7 17  9 34 44.953  226.3474039   74.2600348  217.0354898   -0.7539711   1072.774   1167.586            2972.837              32.103         4        19   149.762558    10.138517    21.290    1     43683      10.941
2022  7 17  9 34 47.953  226.3451134   74.2599480  217.0481537   -0.7544086   1072.498   1167.336            2809.079              31.403         4        19   149.762314    10.138601    21.320    1     43683      10.862
2022  7 17  9 34 50.953  226.3427226   74.2606622  217.0614230   -0.7543011   1072.873   1167.082            2873.997              30.880         4        19   149.762085    10.138688    21.440    1     43683      11.190
2022  7 17  9 34 56.953  226.3440919   74.2613786  217.0862842   -0.7533990   1072.981   1167.438            2617.740              30.588         4        19   149.761627    10.138858    21.380    1     43683      11.213
2022  7 17  9 34 59.953  226.3425030   74.2610765  217.0986761   -0.7538536   1072.659   1167.408            3048.151              32.417         4        19   149.761398    10.138940    21.360    1     43683      11.244
2022  7 17  9 35  2.953  226.3388105   74.2614802  217.1119715   -0.7542164   1072.768   1167.022            3064.660              32.506         4        19   149.761169    10.139026    21.290    1     43683      11.177
2022  7 17  9 41  0.210  226.2650003   74.2862492  218.6088159   -0.7432318   1074.039   1170.877            7816.538              46.911         4         7   149.733673    10.149010    21.550    1     43683      10.629
2022  7 17  9 41  5.210  226.2605984   74.2862727  218.6301790   -0.7439438   1074.069   1170.272            7477.908              46.778         4         7   149.733292    10.149161    21.430    1     43683      10.547
2022  7 17  9 41 10.210  226.2621780   74.2866547  218.6506592   -0.7432542   1074.237   1170.678            7391.056              45.326         4         7   149.732910    10.149308    21.640    1     43683      10.974
2022  7 17  9 41 15.210  226.2597442   74.2871833  218.6720080   -0.7432338   1073.994   1170.519            7262.898              45.997         4         7   149.732529    10.149457    21.710    1     43683      10.542
2022  7 17  9 41 20.210  226.2569634   74.2873528  218.6931659   -0.7435334   1074.106   1170.254            7311.786              45.169         4         7   149.732147    10.149605    21.690    1     43683      10.487
2022  7 17  9 41 25.210  226.2587979   74.2877368  218.7136001   -0.7427972   1074.109   1170.659            7433.064              46.642         4         7   149.731766    10.149748    21.590    1     43683      10.564
2022  7 17  9 41 30.210  226.2560259   74.2883147  218.7350471   -0.7428134   1073.994   1170.393            7702.588              47.652         4         7   149.731384    10.149891    21.530    1     43683      10.571
2022  7 17  9 42 45.211  226.2379495   74.2934704  219.0497796   -0.7409694   1074.225   1170.185            7829.402              46.775         4        20   149.725647    10.152055    21.870    1     43683      10.523
2022  7 17  9 42 50.211  226.2370319   74.2934128  219.0704225   -0.7410790   1073.871   1170.310            8676.746              49.844         4        20   149.725266    10.152193    21.870    1     43683      10.677
2022  7 17  9 42 55.211  226.2371196   74.2943331  219.0915695   -0.7402993   1074.058   1170.000            7724.684              47.718         4        20   149.724884    10.152340    21.830    1     43683      10.759
2022  7 17  9 43  0.211  226.2345728   74.2945154  219.1126930   -0.7405495   1074.121   1170.250            7973.355              47.356         4        20   149.724503    10.152483    22.040    1     43683      10.743
2022  7 17  9 43  5.211  226.2332705   74.2947561  219.1336204   -0.7405160   1073.848   1170.074            7976.384              48.762         4        20   149.724121    10.152629    22.110    1     43683      10.610
2022  7 17  9 43 10.211  226.2339234   74.2951294  219.1542715   -0.7400115   1074.019   1169.974            7765.101              46.650         4        20   149.723740    10.152776    22.010    1     43683       8.094
2022  7 17  9 43 15.211  226.2310242   74.2954593  219.1755661   -0.7402249   1074.127   1170.115            7845.963              46.900         4        20   149.723358    10.152920    21.870    1     43683       9.680
2022  7 17  9 43 20.211  226.2295924   74.2956681  219.1964964   -0.7402407   1073.818   1170.088            7879.102              48.359         4        20   149.722977    10.153064    22.010    1     43683      10.313
2022  7 17  9 43 25.211  226.2313485   74.2964422  219.2172221   -0.7392403   1074.253   1169.966            8039.340              48.913         4        20   149.722595    10.153213    22.000    1     43683      10.603
2022  7 17  9 43 30.211  226.2269195   74.2964443  219.2385751   -0.7399757   1074.006   1170.093            8630.996              49.515         4        20   149.722214    10.153360    22.330    1     43683      10.623
2022  7 17  9 43 35.211  226.2289528   74.2969331  219.2590450   -0.7391233   1073.885   1169.923            8135.873              49.226         4        20   149.721832    10.153508    21.900    1     43683      10.430
2022  7 17  9 43 40.211  226.2263350   74.2973964  219.2803820   -0.7391897   1074.226   1170.023            7684.114              47.424         4        20   149.721451    10.153651    21.980    1     43683      10.914
2022  7 17  9 43 45.211  226.2248845   74.2976582  219.3013376   -0.7391767   1073.867   1170.043            8393.630              48.851         4        20   149.721054    10.153790    22.110    1     43683      10.548
2022  7 17  9 43 50.211  226.2258992   74.2980265  219.3219163   -0.7386101   1073.979   1169.882            8266.669              48.409         4        20   149.720673    10.153933    22.140    1     43683      10.424
2022  7 17  9 43 55.211  226.2234005   74.2984157  219.3431768   -0.7387086   1074.144   1170.011            8134.649              47.375         4        20   149.720291    10.154073    22.290    1     43683      10.262
2022  7 17  9 44  0.211  226.2225053   74.2984697  219.3638949   -0.7387327   1073.961   1170.000            8455.684              50.446         4        20   149.719910    10.154214    22.110    1     43683      10.480
2022  7 17  9 44  5.211  226.2210417   74.2987676  219.3848937   -0.7386959   1073.930   1170.026            8796.033              50.183         4        20   149.719528    10.154354    22.090    1     43683      10.653
2022  7 17  9 44 10.211  226.2211456   74.2991204  219.4056345   -0.7383166   1073.927   1169.940            8660.831              51.157         4        20   149.719147    10.154496    22.000    1     43683      10.071
2022  7 17  9 44 15.211  226.2192302   74.2996559  219.4268733   -0.7381960   1074.041   1170.011           10929.869              55.180         4        20   149.718750    10.154640    22.250    1     43683      10.862
2022  7 17  9 44 20.211  226.2190796   74.3000953  219.4477242   -0.7377990   1073.867   1169.807            8725.664              49.889         4        20   149.718369    10.154788    22.190    1     43683      10.498
2022  7 17  9 45 20.211  226.2029972   74.3043206  219.6999115   -0.7365120   1077.578   1173.997            9590.202              52.641         6        18   149.713806    10.156573    22.340    1     43683      10.804
2022  7 17  9 45 25.211  226.2039103   74.3046694  219.7204957   -0.7359652   1077.622   1173.998            8905.830              51.941         6        18   149.713425    10.156730    22.140    1     43683      10.734
2022  7 17  9 45 30.211  226.2008862   74.3049710  219.7417937   -0.7362143   1077.524   1174.002            8861.137              51.870         6        18   149.713043    10.156882    22.240    1     43683      10.183
2022  7 17  9 45 35.211  226.2015797   74.3052551  219.7623886   -0.7357573   1077.572   1173.945            9025.892              52.355         6        18   149.712677    10.157037    22.290    1     43683      10.664
2022  7 17  9 45 45.212  226.1962249   74.3060489  219.8049936   -0.7359920   1077.575   1174.025            9200.868              52.155         6        18   149.711914    10.157337    22.310    1     43683      10.679
2022  7 17  9 45 50.212  226.1966788   74.3063028  219.8255974   -0.7356082   1077.434   1174.019            9162.303              55.102         6        18   149.711533    10.157486    22.220    1     43683      10.737
2022  7 17  9 45 55.212  226.1976747   74.3065829  219.8461159   -0.7351017   1077.486   1173.930            9066.458              53.923         6        18   149.711151    10.157635    22.280    1     43683      10.729
2022  7 17  9 46  0.212  226.1965183   74.3070074  219.8671473   -0.7349079   1077.637   1173.998            9165.765              53.105         6        18   149.710770    10.157784    22.230    1     43683      10.681
2022  7 17  9 46  5.212  226.1939428   74.3071748  219.8882645   -0.7351699   1077.308   1173.932            8681.001              51.176         6        18   149.710388    10.157931    22.350    1     43683      10.732
2022  7 17  9 46 15.212  226.1921638   74.3078235  219.9300672   -0.7348252   1077.334   1173.925            9064.585              52.641         6        18   149.709610    10.158224    22.170    1     43683       9.799
2022  7 17  9 46 20.212  226.1912635   74.3081880  219.9510221   -0.7346225   1077.492   1173.807           10037.366              54.059         6        18   149.709244    10.158375    22.270    1     43683      10.753
2022  7 17  9 46 25.212  226.1901112   74.3087611  219.9721574   -0.7343185   1077.665   1173.942            8747.652              49.780         6        18   149.708862    10.158529    22.300    1     43683      10.515
2022  7 17  9 46 30.212  226.1888668   74.3087395  219.9928882   -0.7344502   1077.334   1173.869            8608.430              50.869         6        18   149.708481    10.158683    22.300    1     43683      10.781
2022  7 17  9 46 35.212  226.1876911   74.3093606  220.0140621   -0.7341171   1077.625   1173.755            9302.280              51.600         6        18   149.708099    10.158837    22.150    1     43683      10.514
2022  7 17  9 46 40.212  226.1872618   74.3094630  220.0347260   -0.7340079   1077.468   1173.959            8513.808              50.399         6        18   149.707718    10.158988    22.270    1     43683      10.362
2022  7 17  9 46 45.212  226.1862357   74.3099086  220.0557466   -0.7337673   1077.549   1173.945            9136.408              51.161         6        18   149.707336    10.159144    22.310    1     43683      10.677
2022  7 17  9 46 50.212  226.1838149   74.3099978  220.0767798   -0.7340475   1077.268   1173.762            8622.904              49.477         6        18   149.706955    10.159298    22.180    1     43683      10.693
2022  7 17  9 46 55.212  226.1827043   74.3105162  220.0978682   -0.7337710   1077.542   1173.648            9303.284              51.553         6        18   149.706573    10.159455    22.150    1     43683      10.671
2022  7 17  9 47 35.212  226.1712053   74.3134245  220.2662109   -0.7329759   1075.460   1175.004            8565.291              50.640         5        19   149.703537    10.160667    22.010    1     43683      11.020
2022  7 17  9 47 40.212  226.1690345   74.3133204  220.2870431   -0.7333477   1075.642   1175.235            9282.802              51.477         5        19   149.703140    10.160817    22.300    1     43683      10.856
2022  7 17  9 47 45.212  226.1680708   74.3136262  220.3079533   -0.7331954   1075.340   1175.048            8776.769              51.494         5        19   149.702759    10.160971    22.070    1     43683      10.847
2022  7 17  9 47 50.212  226.1673791   74.3141192  220.3289599   -0.7328611   1075.633   1175.011            9060.235              52.428         5        19   149.702393    10.161123    22.210    1     43683      10.803
2022  7 17  9 47 55.212  226.1662921   74.3146384  220.3500443   -0.7325824   1075.538   1175.012            8440.014              50.240         5        19   149.702011    10.161277    22.060    1     43683      10.733
2022  7 17  9 48  0.212  226.1654748   74.3147994  220.3708237   -0.7325057   1075.431   1175.050            8723.998              51.257         5        19   149.701630    10.161429    22.160    1     43683      10.729
2022  7 17  9 48  5.212  226.1625041   74.3151630  220.3921555   -0.7327005   1075.575   1175.037            8957.681              50.482         5        19   149.701248    10.161581    22.270    1     43683      10.558
2022  7 17  9 48 10.212  226.1646877   74.3155276  220.4125092   -0.7319008   1075.340   1174.952            8589.578              50.773         5        19   149.700867    10.161736    22.150    1     43683      10.635
2022  7 17  9 48 15.212  226.1614750   74.3157485  220.4337856   -0.7322434   1075.550   1175.021            8983.267              52.085         5        19   149.700485    10.161887    22.130    1     43683      10.267
2022  7 17  9 48 20.212  226.1608506   74.3160417  220.4546073   -0.7320386   1075.309   1175.035            9036.239              52.996         5        19   149.700089    10.162037    22.150    1     43683      10.675
2022  7 17  9 48 25.212  226.1604696   74.3165469  220.4755475   -0.7316370   1075.543   1174.985            9367.163              54.497         5        19   149.699707    10.162188    22.200    1     43683      10.694
2022  7 17  9 48 30.212  226.1585712   74.3165913  220.4964494   -0.7318521   1075.314   1175.028            8623.008              51.772         5        19   149.699326    10.162338    22.290    1     43683      10.657
2022  7 17  9 48 35.212  226.1598032   74.3168037  220.5168748   -0.7313424   1075.277   1174.881            8791.379              52.385         5        19   149.698944    10.162493    22.190    1     43683      10.573
2022  7 17  9 48 45.212  226.1557401   74.3175443  220.5591918   -0.7313604   1075.233   1174.974            8415.191              49.549         5        19   149.698181    10.162798    22.250    1     43683      10.714
2022  7 17  9 48 50.212  226.1557184   74.3179074  220.5799637   -0.7309878   1075.427   1174.747            7885.594              47.638         5        19   149.697800    10.162951    22.190    1     43683      10.699
2022  7 17  9 48 55.212  226.1542437   74.3183145  220.6010420   -0.7308683   1075.474   1174.876            8610.018              50.141         5        19   149.697418    10.163099    22.240    1     43683      10.683
2022  7 17  9 49  0.212  226.1529409   74.3182713  220.6217684   -0.7310315   1075.175   1174.779            8110.668              48.528         5        19   149.697037    10.163248    22.230    1     43683      10.734
2022  7 17  9 49  5.212  226.1526072   74.3189721  220.6428386   -0.7304843   1075.545   1174.818            8429.604              49.585         5        19   149.696655    10.163398    22.310    1     43683      10.740
2022  7 17  9 49 10.213  226.1513170   74.3191328  220.6637118   -0.7305055   1075.386   1174.909            8610.362              51.735         5        19   149.696274    10.163543    22.280    1     43683      10.321
2022  7 17  9 51  5.213  226.1205136   74.3269255  221.1467387   -0.7281551   1077.206   1175.557            5866.169              40.819        10        16   149.687424    10.167056    21.960    1     43683      10.488
2022  7 17  9 51 10.213  226.1222878   74.3275214  221.1674254   -0.7273017   1077.524   1175.792            8664.989              50.359        10        16   149.687134    10.167181    22.000    1     43683       9.547
2022  7 17  9 51 15.213  226.1215600   74.3274005  221.1879863   -0.7274033   1077.326   1175.906            9098.631              53.572        10        16   149.686752    10.167336    22.000    1     43683      10.272
2022  7 17  9 51 30.213  226.1180565   74.3282501  221.2507837   -0.7271097   1077.255   1175.868            8979.107              52.945        10        16   149.685608    10.167800    21.890    1     43683      10.612
2022  7 17  9 51 35.213  226.1172832   74.3285711  221.2716672   -0.7269161   1077.219   1175.837            8693.427              52.022        10        16   149.685226    10.167948    22.050    1     43683      10.462
2022  7 17  9 51 40.213  226.1119337   74.3288192  221.2933700   -0.7276490   1077.138   1175.326            8649.376              51.766        10        16   149.684845    10.168099    21.930    1     43683      10.436
2022  7 17  9 51 45.213  226.1120400   74.3290581  221.3140291   -0.7273413   1077.358   1175.451            8951.528              51.109        10        16   149.684464    10.168250    21.940    1     43683      10.418
2022  7 17  9 51 50.213  226.1126523   74.3297755  221.3349309   -0.7266067   1077.263   1175.755            9766.285              52.876        10        16   149.684082    10.168394    21.970    1     43683      10.756
2022  7 17  9 51 55.213  226.1096238   74.3296373  221.3559180   -0.7271719   1077.012   1175.447            8418.599              48.646        10        16   149.683701    10.168539    21.900    1     43683      10.705
2022  7 17  9 52  0.213  226.1088184   74.3302276  221.3769990   -0.7267929   1077.423   1175.513            9506.542              52.931        10        16   149.683319    10.168689    22.020    1     43683       9.825
2022  7 17  9 52  5.213  226.1087006   74.3305132  221.3977338   -0.7264964   1076.986   1175.582            8048.585              47.538        10        16   149.682938    10.168839    22.100    1     43683      10.346
2022  7 17  9 52 10.213  226.1049591   74.3309394  221.4192715   -0.7267874   1077.441   1175.184            9029.823              51.212        10        16   149.682571    10.168998    21.980    1     43683      10.200
2022  7 17  9 52 15.213  226.1050692   74.3310107  221.4398107   -0.7265961   1077.220   1175.534            9100.307              51.569        10        16   149.682190    10.169150    22.050    1     43683      10.463
2022  7 17  9 52 20.213  226.1032218   74.3316657  221.4611357   -0.7263676   1077.067   1175.224            8002.164              47.448        10        16   149.681808    10.169304    22.010    1     43683      10.650
2022  7 17  9 52 25.213  226.1017598   74.3316949  221.4819440   -0.7265016   1077.427   1175.227            8435.163              49.169        10        16   149.681427    10.169462    21.860    1     43683      10.663
2022  7 17  9 52 30.213  226.1021073   74.3320149  221.5026298   -0.7260946   1076.999   1175.518            8146.509              47.818        10        16   149.681061    10.169609    22.130    1     43683      11.281
2022  7 17  9 53 55.214  226.0823570   74.3375353  221.8589784   -0.7240010   1076.908   1174.971            8928.921              50.887         4        17   149.674591    10.172149    22.030    1     43683       9.150
2022  7 17  9 54  0.214  226.0812173   74.3375801  221.8797364   -0.7240653   1077.047   1174.629            8525.863              49.488         4        17   149.674210    10.172304    22.060    1     43683      10.603
2022  7 17  9 54  5.214  226.0801947   74.3383643  221.9009963   -0.7235913   1077.294   1174.934            8860.002              52.063         4        17   149.673828    10.172454    22.050    1     43683      11.113
2022  7 17  9 54 10.214  226.0787114   74.3383942  221.9218090   -0.7237369   1076.955   1174.915            9129.659              51.505         4        17   149.673447    10.172604    22.070    1     43683      11.193
2022  7 17  9 54 15.214  226.0762920   74.3386061  221.9429279   -0.7239307   1077.034   1174.518            8399.726              49.022         4        17   149.673065    10.172757    21.790    1     43683      10.268
2022  7 17  9 54 20.214  226.0770608   74.3392055  221.9637169   -0.7232425   1077.232   1174.822            9426.563              51.520         4        17   149.672684    10.172908    22.000    1     43683      11.292
2022  7 17  9 54 25.214  226.0757245   74.3393849  221.9846069   -0.7232575   1076.904   1174.869            8389.775              50.621         4        17   149.672302    10.173055    22.010    1     43683      10.566
2022  7 17  9 54 30.214  226.0730736   74.3397650  222.0058903   -0.7233791   1076.971   1174.507            9462.388              51.920         4        17   149.671921    10.173206    22.090    1     43683      10.395
2022  7 17  9 54 45.214  226.0704879   74.3407078  222.0685938   -0.7228537   1077.066   1174.673            8602.653              51.132         4        17   149.670792    10.173660    22.030    1     43683      11.201
2022  7 17  9 54 50.214  226.0688958   74.3412643  222.0898001   -0.7226452   1076.882   1174.638            9506.731              52.639         4        17   149.670410    10.173814    22.040    1     43683      10.663
2022  7 17  9 54 55.214  226.0648136   74.3413480  222.1111452   -0.7232449   1076.937   1174.144            9762.111              53.412         4        17   149.670029    10.173970    22.000    1     43683      10.650
2022  7 17  9 55  0.214  226.0648338   74.3416868  222.1318904   -0.7228828   1077.068   1174.439            8686.735              51.274         4        17   149.669647    10.174122    22.130    1     43683      10.620
2022  7 17  9 55  5.214  226.0641389   74.3420876  222.1528166   -0.7226189   1076.750   1174.494            9572.234              52.833         4        17   149.669266    10.174269    21.990    1     43683      10.719
2022  7 17  9 55 10.214  226.0614270   74.3424472  222.1740960   -0.7227656   1077.062   1174.132            9217.330              51.535         4        17   149.668884    10.174421    21.940    1     43683      10.631
2022  7 17  9 55 15.214  226.0607965   74.3427354  222.1949299   -0.7225697   1076.929   1174.403            9352.703              52.002         4        17   149.668503    10.174567    22.030    1     43683      10.615
2022  7 17  9 55 20.214  226.0591646   74.3434988  222.2162907   -0.7222279   1076.861   1174.260           10219.914              55.042         4        17   149.668121    10.174716    22.140    1     43683      10.166
2022  7 17  9 55 25.214  226.0572266   74.3434523  222.2371355   -0.7225153   1076.960   1174.176            9343.838              52.055         4        17   149.667740    10.174865    22.350    1     43683      10.170
2022  7 17 10  6 25.217  225.8997797   74.3866209  225.0049075   -0.7076358    701.547   1726.995           10182.634              54.832         8        20   149.617416    10.193737    22.500    1     43683      10.345
2022  7 17 10  6 30.217  225.9014581   74.3869091  225.0253020   -0.7070023    701.682   1726.932           10344.864              57.308         8        20   149.617035    10.193881    22.570    1     43683      10.497
2022  7 17 10  6 35.218  225.8989944   74.3866233  225.0460967   -0.7075693    701.778   1726.971           10262.827              54.911         8        20   149.616669    10.194019    22.480    1     43683      10.349
2022  7 17 10  6 40.218  225.9044538   74.3897607  225.0677888   -0.7042110    701.989   1727.273            7142.114              48.529         8        20   149.616287    10.194155    22.590    1     43683      10.063
2022  7 17 10  6 45.218  225.8976919   74.3878846  225.0882553   -0.7067210    701.649   1726.832           10210.182              54.879         8        20   149.615906    10.194292    22.320    1     43683      10.288
2022  7 17 10  6 50.218  225.8958843   74.3880755  225.1092426   -0.7068292    701.773   1726.871           10349.802              55.192         8        20   149.615524    10.194427    22.530    1     43683      10.076
2022  7 17 10  6 55.218  225.8947867   74.3884326  225.1302285   -0.7066829    701.527   1726.945           10497.128              57.939         8        20   149.615158    10.194564    22.590    1     43683      10.347
2022  7 17 10  7  0.218  225.8930998   74.3887827  225.1513066   -0.7066517    701.539   1726.673           10185.200              54.750         8        20   149.614777    10.194703    22.450    1     43683      10.184
2022  7 17 10  7  5.218  225.8924916   74.3889028  225.1720157   -0.7065805    701.659   1726.873           10861.150              56.933         8        20   149.614395    10.194839    22.460    1     43683      10.628
2022  7 17 10  7 10.218  225.8899845   74.3889511  225.1930360   -0.7069188    701.279   1726.633           10313.415              53.633         8        20   149.614014    10.194978    22.440    1     43683      10.065
2022  7 17 10  7 15.218  225.8893342   74.3895181  225.2140845   -0.7065360    701.628   1726.752           10146.923              54.509         8        20   149.613647    10.195118    22.580    1     43683      10.298
2022  7 17 10  7 20.218  225.8877521   74.3896187  225.2349659   -0.7066621    701.215   1726.703            9626.727              52.047         8        20   149.613266    10.195256    22.560    1     43683      10.092
2022  7 17 10  7 25.218  225.8839191   74.3903384  225.2567137   -0.7067717    701.420   1726.356            9691.287              53.094         8        20   149.612885    10.195402    22.430    1     43683      10.206
2022  7 17 10  7 30.218  225.8850012   74.3902975  225.2770025   -0.7064914    701.545   1726.613            9384.820              51.955         8        20   149.612518    10.195539    22.420    1     43683      10.424
2022  7 17 10  7 35.218  225.8825015   74.3901545  225.2978860   -0.7069652    701.038   1726.530            9317.839              51.076         8        20   149.612137    10.195676    22.680    1     43683      10.141
2022  7 17 10  7 40.218  225.8788239   74.3906314  225.3194313   -0.7072196    701.379   1726.189           10792.520              55.361         8        20   149.611755    10.195819    22.330    1     43683      10.315
2022  7 17 10  7 45.218  225.8814995   74.3912246  225.3398519   -0.7061899    701.376   1726.591            9543.098              52.496         8        20   149.611374    10.195954    22.590    1     43683      10.199
2022  7 17 10  7 50.218  225.8770052   74.3917670  225.3615988   -0.7065544    701.077   1726.194            8580.785              48.847         8        20   149.610992    10.196096    22.580    1     43683      10.138
2022  7 17 10  7 55.218  225.8763289   74.3918121  225.3822838   -0.7065443    701.436   1726.268            9371.794              51.841         8        20   149.610626    10.196237    22.430    1     43683      10.237
2022  7 17 10  8  0.218  225.8748027   74.3920194  225.4032141   -0.7065883    700.956   1726.330            9417.570              51.256         8        20   149.610229    10.196371    22.500    1     43683      10.233
2022  7 17 10 11  5.219  225.8339937   74.4041683  226.1785134   -0.7019558    699.466   1725.916           10396.386              57.405         8        20   149.596222    10.201443    22.550    1     43683      10.227
2022  7 17 10 11 10.219  225.8320159   74.4040686  226.1993434   -0.7022977    699.185   1725.875            9153.146              50.487         8        20   149.595856    10.201582    22.600    1     43683      10.110
2022  7 17 10 11 15.219  225.8311655   74.4044266  226.2202667   -0.7021007    699.350   1725.853            9371.779              53.641         8        20   149.595474    10.201722    22.730    1     43683      10.197
2022  7 17 10 11 20.219  225.8296870   74.4048264  226.2413400   -0.7019964    699.244   1725.882            9533.014              54.285         8        20   149.595093    10.201859    22.660    1     43683      10.240
2022  7 17 10 11 25.219  225.8272927   74.4046067  226.2621484   -0.7025043    698.996   1725.721            9564.442              54.479         8        20   149.594711    10.201996    22.500    1     43683       9.645
2022  7 17 10 11 30.219  225.8265531   74.4047889  226.2829423   -0.7024183    699.020   1725.656            9178.776              51.332         8        20   149.594345    10.202128    22.520    1     43683      10.193
2022  7 17 10 11 35.219  225.8258298   74.4054966  226.3040898   -0.7019576    699.257   1725.764            9759.144              53.262         8        20   149.593964    10.202260    22.620    1     43683       9.748
2022  7 17 10 11 40.219  225.8231909   74.4058390  226.3253421   -0.7021174    698.945   1725.573            9518.905              52.545         8        20   149.593582    10.202394    22.720    1     43683      10.091
2022  7 17 10 11 45.219  225.8227217   74.4062639  226.3462412   -0.7018045    699.226   1725.671            9584.879              52.750         8        20   149.593201    10.202530    22.620    1     43683      10.235
2022  7 17 10 11 50.219  225.8213031   74.4062252  226.3669921   -0.7020038    698.985   1725.700            8400.331              48.880         8        20   149.592819    10.202662    22.700    1     43683      10.078
2022  7 17 10 11 55.219  225.8165232   74.4070881  226.3890205   -0.7021993    698.919   1725.227            8447.937              50.467         8        20   149.592438    10.202799    22.360    1     43683      10.060
2022  7 17 10 12  0.219  225.8185392   74.4070909  226.4091637   -0.7017127    699.242   1725.588            9773.745              52.369         8        20   149.592072    10.202935    22.560    1     43683      10.351
2022  7 17 10 12  5.219  225.8157952   74.4074693  226.4304615   -0.7018620    698.823   1725.386            9831.876              53.629         8        20   149.591690    10.203074    22.720    1     43683      10.133
2022  7 17 10 12 10.219  225.8135625   74.4081042  226.4518443   -0.7017307    699.242   1725.210            9746.943              52.277         8        20   149.591309    10.203215    22.700    1     43683      10.210
2022  7 17 10 12 15.219  225.8140035   74.4080311  226.4722173   -0.7016000    698.941   1725.500            9769.005              53.425         8        20   149.590927    10.203348    22.660    1     43683      10.232
2022  7 17 10 12 20.219  225.8101774   74.4085180  226.4938135   -0.7018801    698.867   1725.108            9457.895              54.208         8        20   149.590561    10.203485    22.380    1     43683      10.053
2022  7 17 10 12 25.219  225.8097820   74.4086531  226.5144927   -0.7017582    699.138   1725.232           10447.142              55.538         8        20   149.590179    10.203621    22.500    1     43683      10.271
2022  7 17 10 12 30.219  225.8087399   74.4094847  226.5357882   -0.7012683    698.850   1725.131            9798.695              53.548         8        20   149.589798    10.203755    22.620    1     43683      10.354
2022  7 17 10 12 35.219  225.8067768   74.4095142  226.5566918   -0.7015159    699.098   1725.050            9751.792              53.232         8        20   149.589417    10.203894    22.770    1     43683      10.144
2022  7 17 10 12 40.219  225.8059722   74.4097607  226.5775426   -0.7013910    698.922   1725.149           10337.931              57.337         8        20   149.589050    10.204032    22.630    1     43683      10.293
2022  7 17 10 15  5.220  225.7704084   74.4190742  227.1857141   -0.6985936    701.344   1728.009           10622.351              56.372         7         6   149.578049    10.207997    22.690    1     43683      10.279
2022  7 17 10 15 10.220  225.7735014   74.4193484  227.2058283   -0.6977047    701.592   1727.971           10218.848              56.668         7         6   149.577667    10.208140    22.720    1     43683      10.178
2022  7 17 10 15 20.220  225.7691355   74.4193566  227.2476982   -0.6983230    701.180   1727.974           10668.720              55.061         7         6   149.576920    10.208414    22.960    1     43683      10.453
2022  7 17 10 15 25.220  225.7691111   74.4202094  227.2688139   -0.6976170    701.603   1727.823           10734.903              56.152         7         6   149.576538    10.208556    22.680    1     43683      10.263
2022  7 17 10 15 35.220  225.7665882   74.4203760  227.3104292   -0.6977735    701.283   1727.971           10579.827              55.818         7         6   149.575775    10.208830    22.660    1     43683      10.392
2022  7 17 10 15 40.220  225.7652817   74.4208345  227.3315261   -0.6975918    701.276   1727.760           10629.169              54.828         7         6   149.575409    10.208970    22.650    1     43683      10.270
2022  7 17 10 17 35.221  225.7435013   74.4266820  227.8116014   -0.6952149    700.857   1727.481           15617.389              65.851        12        11   149.566727    10.212144    22.730    1     43683      10.095
2022  7 17 10 17 40.221  225.7343567   74.4281126  227.8348588   -0.6958253    700.745   1726.948           11508.561              61.539        12        11   149.566345    10.212289    22.940    1     43683      10.277
2022  7 17 10 17 45.221  225.7328197   74.4279904  227.8555743   -0.6960994    700.890   1726.987           10348.884              57.295        12        11   149.565964    10.212428    22.790    1     43683      10.321
2022  7 17 10 17 50.221  225.7318510   74.4289200  227.8769233   -0.6955189    700.634   1726.775           10502.471              55.777        12        11   149.565582    10.212569    22.790    1     43683       9.619
2022  7 17 10 17 55.221  225.7294881   74.4283481  227.8974934   -0.6962680    700.898   1726.780           11152.717              56.400        12        11   149.565216    10.212708    22.670    1     43683      10.412
2022  7 17 10 18  0.221  225.7284500   74.4293115  227.9188804   -0.6956864    700.701   1726.984           10926.033              59.372        12        11   149.564835    10.212839    22.870    1     43683      10.171
2022  7 17 10 18  5.221  225.7265705   74.4296468  227.9399830   -0.6957033    700.615   1726.508           10004.358              54.209        12        11   149.564453    10.212976    22.780    1     43683       9.877
2022  7 17 10 18 10.221  225.7256715   74.4293793  227.9604747   -0.6959663    700.848   1726.671            8870.209              50.267        12        11   149.564072    10.213108    22.880    1     43683      10.349
2022  7 17 10 18 15.221  225.7259755   74.4301472  227.9814524   -0.6952758    700.546   1726.840           10611.160              56.390        12        11   149.563675    10.213232    22.890    1     43683      10.382
2022  7 17 10 18 20.221  225.7219847   74.4306520  228.0030761   -0.6955823    700.725   1726.441           10793.505              56.604        12        11   149.563293    10.213359    22.710    1     43683      10.214
2022  7 17 10 18 25.221  225.7222881   74.4307457  228.0235940   -0.6953685    700.728   1726.713           10829.806              57.056        12        11   149.562912    10.213484    22.790    1     43683      10.452
2022  7 17 10 19  5.221  225.7119266   74.4330989  228.1913283   -0.6948635    707.139   1729.976           10832.653              56.660         7        20   149.559891    10.214567    22.990    1     43683      10.730
2022  7 17 10 19 10.221  225.7107156   74.4334070  228.2122846   -0.6947700    706.756   1729.982           10657.672              58.472         7        20   149.559509    10.214707    22.980    1     43683      10.499
2022  7 17 10 19 15.221  225.7094424   74.4333615  228.2330042   -0.6949319    706.855   1729.748           10762.772              56.474         7        20   149.559128    10.214854    22.940    1     43683      10.355
2022  7 17 10 19 20.221  225.7079361   74.4338400  228.2541529   -0.6947716    706.915   1729.973           10412.329              54.228         7        20   149.558762    10.214996    23.010    1     43683      11.290
2022  7 17 10 19 25.221  225.7070636   74.4345423  228.2753230   -0.6943288    706.738   1729.682           12233.113              61.310         7        20   149.558380    10.215142    23.040    1     43683      10.339
2022  7 17 10 19 30.221  225.7056027   74.4346383  228.2961781   -0.6944329    706.856   1729.714           10932.909              57.146         7        20   149.557999    10.215282    23.060    1     43683      10.712
2022  7 17 10 19 35.221  225.7052451   74.4349085  228.3169453   -0.6942036    706.852   1729.907           11366.200              58.573         7        20   149.557617    10.215423    23.100    1     43683      10.997
2022  7 17 10 19 40.221  225.7041632   74.4355998  228.3381633   -0.6938142    706.670   1729.649           10474.339              55.823         7        20   149.557251    10.215563    22.970    1     43683      10.321
2022  7 17 10 19 45.221  225.6998694   74.4354966  228.3594166   -0.6945967    706.841   1729.460            9299.502              51.886         7        20   149.556870    10.215702    23.010    1     43683      10.747
2022  7 17 10 19 50.221  225.7015347   74.4360562  228.3800032   -0.6937863    706.784   1729.870           11308.396              58.598         7        20   149.556488    10.215836    23.190    1     43683      10.509
2022  7 17 10 19 55.221  225.6973493   74.4364102  228.4015585   -0.6942193    706.487   1729.391           10426.853              54.666         7        20   149.556107    10.215980    23.160    1     43683       9.962
2022  7 17 10 20  0.221  225.6952920   74.4362793  228.4223659   -0.6945941    706.812   1729.362            9292.809              51.726         7        20   149.555725    10.216123    23.070    1     43683      10.300
2022  7 17 10 20  5.221  225.6964346   74.4370848  228.4432415   -0.6937075    706.681   1729.634           11205.304              58.162         7        20   149.555359    10.216258    23.110    1     43683      10.290
2022  7 17 10 20 10.221  225.6932996   74.4373141  228.4645080   -0.6940359    706.446   1729.263           10993.032              57.686         7        20   149.554977    10.216396    23.030    1     43683      10.437
2022  7 17 10 20 15.221  225.6923657   74.4376995  228.4854670   -0.6938381    706.697   1729.198           11518.319              59.328         7        20   149.554596    10.216533    23.170    1     43683      10.474
2022  7 17 10 20 20.221  225.6911565   74.4381824  228.5065461   -0.6936281    706.685   1729.357           10687.957              56.786         7        20   149.554214    10.216665    23.350    1     43683      10.556
2022  7 17 10 20 25.221  225.6871384   74.4384640  228.5280184   -0.6940914    706.372   1729.089            9809.112              53.890         7        20   149.553833    10.216798    23.180    1     43683      10.459
2022  7 17 10 20 30.222  225.6859840   74.4388101  228.5489798   -0.6939699    706.464   1729.007           11178.017              56.007         7        20   149.553436    10.216928    23.230    1     43683      10.278
2022  7 17 10 20 35.222  225.6853667   74.4390079  228.5697463   -0.6938549    706.602   1729.006           10610.370              58.580         7        20   149.553055    10.217055    23.090    1     43683      10.672
2022  7 17 10 20 40.222  225.6849454   74.4391099  228.5904068   -0.6937737    706.427   1729.240           11452.605              57.568         7        20   149.552673    10.217179    23.490    1     43683       9.985
2022  7 17 10 28 20.224  225.5686347   74.4658889  230.5183187   -0.6877019    712.766   1730.868           11756.593              60.229         7        20   149.517654    10.229533    24.180    1     43683      10.868
2022  7 17 10 28 25.224  225.5656866   74.4664259  230.5397672   -0.6877739    712.488   1730.540           12116.527              59.924         7        20   149.517273    10.229672    24.050    1     43683      10.793
2022  7 17 10 28 30.224  225.5644328   74.4670373  230.5609607   -0.6874697    712.712   1730.427           12343.896              62.097         7        20   149.516907    10.229815    24.450    1     43683      10.270
2022  7 17 10 28 35.224  225.5626210   74.4672977  230.5819972   -0.6875189    712.771   1730.343           12245.951              61.786         7        20   149.516525    10.229959    24.150    1     43683      10.711
2022  7 17 10 28 40.224  225.5622910   74.4674147  230.6026669   -0.6873967    712.626   1730.622           12426.145              60.802         7        20   149.516159    10.230097    24.170    1     43683      10.600
2022  7 17 10 28 45.224  225.5587879   74.4677277  230.6240632   -0.6877274    712.409   1730.242           11461.294              57.688         7        20   149.515778    10.230241    24.240    1     43683      10.207
2022  7 17 10 28 50.224  225.5583270   74.4679581  230.6448216   -0.6875413    712.727   1730.340           12076.485              61.156         7        20   149.515396    10.230387    24.250    1     43683      10.637
2022  7 17 10 28 55.224  225.5574800   74.4684840  230.6658775   -0.6872202    712.554   1730.419           11925.263              59.290         7        20   149.515030    10.230531    24.310    1     43683      10.625
2022  7 17 10 29  0.224  225.5557350   74.4686119  230.6868241   -0.6873451    712.435   1730.037           11494.540              59.140         7        20   149.514664    10.230681    24.190    1     43683      10.152
2022  7 17 10 29  5.224  225.5535596   74.4685785  230.7077230   -0.6876696    712.682   1730.268           10939.361              57.406         7        20   149.514282    10.230827    24.170    1     43683      10.189
2022  7 17 10 29 10.224  225.5517108   74.4690211  230.7288958   -0.6875944    712.189   1730.202           10817.228              56.084         7        20   149.513901    10.230973    24.350    1     43683      10.579
2022  7 17 10 29 15.224  225.5521793   74.4690101  230.7493236   -0.6873939    712.566   1729.980           11111.732              57.748         7        20   149.513535    10.231130    24.130    1     43683      10.696
2022  7 17 10 29 20.224  225.5487369   74.4694808  230.7708334   -0.6876001    712.376   1730.186           11725.281              58.572         7        20   149.513168    10.231275    24.340    1     43683      10.706
2022  7 17 10 29 25.224  225.5494487   74.4698877  230.7914939   -0.6870628    712.171   1730.000           10354.415              55.824         7        20   149.512787    10.231426    24.280    1     43683      10.489
2022  7 17 10 29 30.224  225.5487853   74.4701433  230.8123247   -0.6868892    712.586   1729.962           11897.984              60.605         7        20   149.512421    10.231580    24.260    1     43683      10.600
2022  7 17 10 29 35.224  225.5453271   74.4702295  230.8335518   -0.6873694    712.265   1730.060           12294.530              62.097         7        20   149.512039    10.231727    24.290    1     43683      10.582
2022  7 17 10 29 40.224  225.5472961   74.4703385  230.8537785   -0.6868090    712.032   1729.925           11577.492              57.894         7        20   149.511673    10.231876    24.140    1     43683      10.825
2022  7 17 10 29 45.224  225.5445852   74.4709101  230.8752211   -0.6868055    712.433   1729.979           10783.052              56.675         7        20   149.511307    10.232021    24.360    1     43683      11.071
2022  7 17 10 29 50.224  225.5445396   74.4705955  230.8955170   -0.6869275    711.978   1729.805           10959.510              56.104         7        20   149.510925    10.232168    24.190    1     43683      10.800
2022  7 17 10 29 55.224  225.5426349   74.4714944  230.9170215   -0.6865415    712.420   1729.948           11886.319              63.236         7        20   149.510544    10.232311    24.330    1     43683      10.781
2022  7 17 10 30  0.224  225.5407437   74.4710336  230.9375816   -0.6871230    711.978   1729.883           12491.200              60.898         7         8   149.510178    10.232450    24.270    1     43683      10.822
2022  7 17 10 30  5.224  225.5401979   74.4713551  230.9584202   -0.6868922    711.983   1729.837           11480.677              57.911         7         8   149.509796    10.232592    24.380    1     43683      10.855
2022  7 17 10 30 10.224  225.5391902   74.4717284  230.9793842   -0.6867107    712.237   1729.792           11764.222              58.666         7         8   149.509415    10.232735    24.220    1     43683      10.701
2022  7 17 10 30 15.224  225.5375397   74.4722461  231.0005860   -0.6865506    711.902   1729.824           10841.680              55.990         7         8   149.509048    10.232875    24.370    1     43683      10.885
2022  7 17 10 30 20.224  225.5343983   74.4720239  231.0215370   -0.6871921    712.052   1729.540           11413.633              56.919         7         8   149.508667    10.233020    24.400    1     43683      10.805
2022  7 17 10 30 25.224  225.5352928   74.4725625  231.0422553   -0.6865358    711.959   1729.808           11898.275              59.063         7         8   149.508286    10.233162    24.410    1     43683      10.817
2022  7 17 10 30 30.224  225.5309146   74.4729145  231.0638595   -0.6870032    711.890   1729.332           12277.923              61.851         7         8   149.507919    10.233306    24.240    1     43683      10.815
2022  7 17 10 30 35.224  225.5323965   74.4733269  231.0843774   -0.6863318    712.157   1729.713           11361.266              56.753         7         8   149.507538    10.233442    24.400    1     43683      11.163
2022  7 17 10 34 15.225  225.4694105   74.4856266  232.0075223   -0.6849889    712.243   1733.176           11897.702              58.338         7        18   149.490860    10.239522    24.100    1     43683      11.205
2022  7 17 10 34 20.225  225.4692603   74.4855311  232.0279934   -0.6849853    711.867   1733.409           12102.077              59.369         7        18   149.490479    10.239659    24.120    1     43683      10.684
2022  7 17 10 34 25.225  225.4672093   74.4863829  232.0494910   -0.6846583    711.880   1733.117           12332.991              61.350         7        18   149.490097    10.239803    24.190    1     43683      11.049
2022  7 17 10 34 30.226  225.4654848   74.4863127  232.0702836   -0.6849248    712.041   1733.086           12230.308              61.205         7        18   149.489716    10.239948    24.110    1     43683      11.192
2022  7 17 10 34 35.226  225.4644967   74.4868182  232.0913354   -0.6846443    711.936   1733.261           11762.495              62.024         7        18   149.489334    10.240092    24.330    1     43683       9.706
2022  7 17 10 34 45.226  225.4614660   74.4873460  232.1333163   -0.6846244    712.003   1733.109           12345.203              61.510         7        18   149.488586    10.240381    24.290    1     43683      11.188
2022  7 17 10 34 55.226  225.4607530   74.4879306  232.1748810   -0.6841303    711.958   1732.998           12085.615              60.743         7        18   149.487823    10.240668    24.180    1     43683      11.059
2022  7 17 10 35  0.226  225.4587949   74.4887971  232.1963872   -0.6837752    711.817   1733.003           13100.227              61.858         7        18   149.487457    10.240812    24.360    1     43683      10.936
2022  7 17 10 35  5.226  225.4567112   74.4885663  232.2171311   -0.6842235    711.902   1733.003           11582.980              59.194         7        18   149.487076    10.240957    24.370    1     43683      11.306
2022  7 17 10 35 10.226  225.4586947   74.4888035  232.2374289   -0.6835736    711.713   1732.933           12583.112              64.949         7        18   149.486694    10.241103    24.050    1     43683      11.108
2022  7 17 10 35 15.226  225.4550433   74.4891434  232.2588722   -0.6839133    711.857   1732.982           12823.289              66.089         7        18   149.486313    10.241245    24.140    1     43683      11.125
2022  7 17 10 35 20.226  225.4549122   74.4896530  232.2797638   -0.6834718    711.770   1732.991           12785.313              65.968         7        18   149.485931    10.241386    24.330    1     43683      11.033
2022  7 17 10 35 25.226  225.4556308   74.4899314  232.3003323   -0.6830312    711.677   1732.866           11906.784              59.961         7        18   149.485550    10.241531    24.200    1     43683      11.029
2022  7 17 10 35 30.226  225.4535380   74.4899822  232.3212748   -0.6832828    711.830   1732.970           11767.790              62.382         7        18   149.485168    10.241674    24.490    1     43683      10.355
2022  7 17 10 35 35.226  225.4528140   74.4907268  232.3424604   -0.6827835    711.608   1732.809           13403.622              64.964         7        18   149.484802    10.241817    24.140    1     43683      11.087
2022  7 17 10 35 40.226  225.4502632   74.4904104  232.3632331   -0.6833844    711.805   1732.767           12781.616              62.625         7        18   149.484421    10.241958    24.030    1     43683      11.008
2022  7 17 10 35 45.226  225.4493859   74.4911718  232.3844435   -0.6829078    711.625   1732.907           13730.990              66.092         7        18   149.484039    10.242095    24.300    1     43683      10.475
2022  7 17 10 35 50.226  225.4477029   74.4913898  232.4054266   -0.6829644    711.499   1732.694           12944.052              61.535         7        18   149.483658    10.242237    24.420    1     43683      11.062
2022  7 17 10 36 30.226  225.4338678   74.4931149  232.5733752   -0.6834957    712.934   1732.007           11957.138              58.901         7        18   149.480637    10.243377    24.160    1     43683      10.811
2022  7 17 10 36 35.226  225.4331869   74.4930544  232.5939858   -0.6835633    713.070   1731.924           12869.314              61.191         7        18   149.480270    10.243518    23.860    1     43683      10.960
2022  7 17 10 36 40.226  225.4321600   74.4939730  232.6153361   -0.6830018    713.306   1731.991           12283.979              61.386         7        18   149.479889    10.243656    23.570    1     43683      11.087
2022  7 17 10 36 45.226  225.4317414   74.4938529  232.6358560   -0.6830616    712.897   1731.970           12688.223              62.467         7        18   149.479523    10.243798    23.490    1     43683      10.877
2022  7 17 10 36 50.226  225.4305744   74.4943126  232.6569096   -0.6828491    713.252   1731.937           12618.417              60.489         7        18   149.479141    10.243940    23.130    1     43683      10.052
2022  7 17 10 36 55.226  225.4287998   74.4942506  232.6777284   -0.6831241    712.999   1731.996           11419.169              57.078         7        18   149.478775    10.244080    22.950    1     43683      10.932
2022  7 17 10 37  0.226  225.4278511   74.4945969  232.6986617   -0.6829494    712.800   1731.825           12851.781              62.973         7        18   149.478394    10.244224    22.690    1     43683      10.849
2022  7 17 10 37  5.226  225.4271261   74.4947063  232.7194002   -0.6828994    712.983   1731.873           13285.653              62.622         7        18   149.478027    10.244370    22.510    1     43683      11.160
2022  7 17 10 37 10.226  225.4252510   74.4952182  232.7406262   -0.6827797    713.060   1731.882           11847.249              58.315         7        18   149.477646    10.244515    22.650    1     43683      11.205
2022  7 17 10 37 20.226  225.4218854   74.4957753  232.7826912   -0.6828005    712.914   1731.576           12765.090              62.552         7        18   149.476898    10.244805    22.220    1     43683      11.014
2022  7 17 10 37 25.226  225.4218992   74.4959493  232.8033203   -0.6825737    713.024   1731.848           12280.539              59.485         7        18   149.476517    10.244943    22.300    1     43683      10.987
2022  7 17 10 37 30.226  225.4196458   74.4967492  232.8248196   -0.6823238    712.807   1731.622           13323.855              64.454         7        18   149.476135    10.245084    22.250    1     43683      10.957
2022  7 17 10 37 35.226  225.4179479   74.4970958  232.8458957   -0.6822915    712.829   1731.543           12785.353              62.797         7        18   149.475754    10.245226    22.120    1     43683      11.041
2022  7 17 10 37 40.226  225.4158536   74.4967056  232.8665289   -0.6828561    712.878   1731.571           12022.495              60.586         7        18   149.475372    10.245370    22.290    1     43683      10.632
2022  7 17 10 37 45.226  225.4144745   74.4976351  232.8879687   -0.6823539    712.815   1731.474           13837.256              66.059         7        18   149.475006    10.245507    22.130    1     43683      10.602
2022  7 17 10 37 50.226  225.4134612   74.4979598  232.9088991   -0.6822115    712.606   1731.462           13364.598              64.720         7        18   149.474625    10.245646    22.130    1     43683       9.963
2022  7 17 10 37 55.226  225.4102095   74.4983847  232.9303249   -0.6824139    712.796   1731.214           12961.509              63.399         7        18   149.474243    10.245789    22.200    1     43683      10.615
2022  7 17 10 38  0.226  225.4098347   74.4985860  232.9510472   -0.6822387    712.809   1731.200           12384.743              61.812         7        18   149.473862    10.245929    21.940    1     43683      10.257
2022  7 17 10 41 20.227  225.3542782   74.5091671  233.7897381   -0.6808488    716.786   1734.310           14581.538              68.514         7         8   149.458923    10.251719    22.740    1     43683      10.837
2022  7 17 10 41 25.227  225.3535597   74.5095489  233.8106673   -0.6806045    716.414   1734.199           13826.971              64.325         7         8   149.458557    10.251864    22.710    1     43683      10.842
2022  7 17 10 41 30.227  225.3511088   74.5099041  233.8318927   -0.6806988    716.761   1734.106           13529.339              65.192         7         8   149.458176    10.252014    22.640    1     43683      10.805
2022  7 17 10 41 35.228  225.3506878   74.5103276  233.8527978   -0.6803661    716.592   1734.248           14423.600              68.044         7         8   149.457809    10.252162    22.780    1     43683      10.834
2022  7 17 10 41 45.228  225.3465130   74.5106186  233.8948309   -0.6807204    716.701   1733.992           13717.959              65.667         7         8   149.457062    10.252459    22.780    1     43683      10.815
2022  7 17 10 41 50.228  225.3458861   74.5104447  233.9153370   -0.6808569    716.196   1734.060           13115.027              63.933         7         8   149.456680    10.252602    22.770    1     43683      10.815
2022  7 17 10 41 55.228  225.3465935   74.5110665  233.9361480   -0.6801726    716.470   1733.971           14530.201              66.158         7         8   149.456299    10.252749    22.700    1     43683      10.822
2022  7 17 10 42  0.228  225.3443251   74.5114253  233.9573562   -0.6802340    716.566   1733.984           13860.607              66.241         7         8   149.455933    10.252895    22.750    1     43683      10.833
2022  7 17 10 44 10.228  225.3086971   74.5173206  234.5016027   -0.6798580    718.001   1733.964           13029.259              62.026         7        11   149.446106    10.256737    23.450    1     43683      10.767
2022  7 17 10 44 15.228  225.3072684   74.5183435  234.5231163   -0.6792853    717.716   1733.766           14147.972              67.504         7        11   149.445740    10.256886    23.290    1     43683      10.679
2022  7 17 10 44 20.228  225.3051359   74.5181063  234.5438809   -0.6797381    717.870   1733.585           13200.692              62.608         7        11   149.445374    10.257040    23.330    1     43683      10.750
2022  7 17 10 44 25.228  225.3057465   74.5182483  234.5643877   -0.6794173    717.829   1733.911           13711.754              64.036         7        11   149.445007    10.257184    23.490    1     43683      10.828
2022  7 17 10 44 30.228  225.3028929   74.5189904  234.5859608   -0.6793114    717.631   1733.531           14016.092              67.087         7        11   149.444626    10.257333    23.340    1     43683      10.639
2022  7 17 10 44 35.228  225.3008058   74.5189893  234.6068821   -0.6795952    717.843   1733.532           13581.290              65.503         7        11   149.444260    10.257479    23.380    1     43683      10.444
2022  7 17 10 44 40.228  225.3011958   74.5196160  234.6277707   -0.6789717    717.791   1733.697           14453.896              68.265         7        11   149.443893    10.257621    23.420    1     43683      10.304
2022  7 17 10 44 45.228  225.2993593   74.5198284  234.6487789   -0.6790602    717.747   1733.669           14556.095              68.528         7        11   149.443512    10.257763    23.330    1     43683      10.747
2022  7 17 10 44 50.228  225.2961840   74.5200489  234.6700627   -0.6793846    717.478   1733.403           13954.963              64.826         7        11   149.443146    10.257914    23.370    1     43683      10.647
2022  7 17 10 44 55.228  225.2954473   74.5200776  234.6907478   -0.6793916    717.785   1733.508           13621.994              65.579         7        11   149.442780    10.258063    23.540    1     43683      10.761
2022  7 17 10 45  0.228  225.2926791   74.5209061  234.7123641   -0.6792040    717.482   1733.216           14047.715              65.159         7        11   149.442398    10.258216    23.390    1     43683      10.120
2022  7 17 10 45 50.229  225.2790169   74.5232177  234.9218488   -0.6790933    718.385   1733.009           13018.017              63.694         8        20   149.438751    10.259618    23.190    1     43683      10.191
2022  7 17 10 45 55.229  225.2778599   74.5232297  234.9425872   -0.6792055    718.513   1733.269           14023.456              64.825         8        20   149.438370    10.259752    23.400    1     43683      10.837
2022  7 17 10 46  0.229  225.2756628   74.5233055  234.9635833   -0.6794667    718.094   1733.064           13745.130              66.254         8        20   149.438004    10.259886    23.270    1     43683      10.548
2022  7 17 10 46  5.229  225.2747530   74.5243564  234.9850013   -0.6787923    718.508   1733.022           12973.447              61.963         8        20   149.437622    10.260019    23.310    1     43683      10.420
2022  7 17 10 46 10.229  225.2726124   74.5238466  235.0055615   -0.6794598    718.250   1733.129           15005.147              69.950         8        20   149.437241    10.260154    23.470    1     43683      10.503
2022  7 17 10 46 15.229  225.2714341   74.5241681  235.0265347   -0.6793512    718.117   1733.061           13917.452              66.799         8        20   149.436874    10.260292    23.450    1     43683      10.616
2022  7 17 10 46 20.229  225.2719623   74.5243962  235.0471034   -0.6789875    718.005   1732.941           14208.324              65.693         8        20   149.436493    10.260433    23.330    1     43683      10.268
2022  7 17 10 46 25.229  225.2697284   74.5234854  235.0674156   -0.6799528    717.923   1732.783           15927.182              66.409         8        20   149.436127    10.260574    23.340    1     43683      10.532
2022  7 17 10 46 30.229  225.2689752   74.5249881  235.0891202   -0.6789207    718.274   1733.014           14029.561              66.804         8        20   149.435745    10.260713    23.430    1     43683      10.503
2022  7 17 10 46 35.229  225.2679670   74.5249195  235.1097738   -0.6790587    717.864   1732.989           12943.753              63.793         8        20   149.435364    10.260851    23.430    1     43683      10.449
2022  7 17 10 46 40.229  225.2674870   74.5251113  235.1305242   -0.6789063    717.980   1732.879           13994.253              64.996         8        20   149.434998    10.260995    23.490    1     43683      10.182
2022  7 17 10 46 45.229  225.2659426   74.5252684  235.1514370   -0.6789757    718.031   1732.753           13258.600              62.778         8        20   149.434616    10.261141    23.270    1     43683      10.162
2022  7 17 10 46 50.229  225.2648020   74.5259363  235.1726466   -0.6786108    717.871   1732.716           14293.797              67.806         8        20   149.434250    10.261281    23.360    1     43683      10.118
2022  7 17 10 46 55.229  225.2633947   74.5257408  235.1932863   -0.6789112    717.933   1732.784           14117.606              65.167         8        20   149.433868    10.261422    23.460    1     43683      10.773
2022  7 17 10 47  0.229  225.2600156   74.5262509  235.2147968   -0.6790771    717.856   1732.471           13872.849              64.480         8        20   149.433487    10.261562    23.410    1     43683      10.699
2022  7 17 10 47  5.229  225.2607755   74.5261678  235.2351185   -0.6788982    717.991   1732.870           14387.769              65.917         8        20   149.433121    10.261697    23.460    1     43683      10.827
2022  7 17 10 47 10.229  225.2578636   74.5272504  235.2569399   -0.6785721    717.781   1732.476           14518.474              68.522         8        20   149.432739    10.261833    23.380    1     43683      10.777
2022  7 17 10 47 15.229  225.2584630   74.5266921  235.2769444   -0.6787575    717.987   1732.783           13037.988              61.912         8        20   149.432358    10.261973    23.530    1     43683      10.910
2022  7 17 10 47 20.229  225.2563735   74.5275290  235.2984530   -0.6784512    717.682   1732.596           13230.613              64.503         8        20   149.431992    10.262111    23.350    1     43683      10.570
2022  7 17 10 47 25.229  225.2532854   74.5273410  235.3194182   -0.6790542    717.930   1732.472           13386.033              62.874         8        20   149.431610    10.262258    23.560    1     43683      10.962
2022  7 17 10 48 45.230  225.2284530   74.5319387  235.6555486   -0.6787266    722.737   1734.135           14812.024              67.054         7        12   149.425537    10.264563    23.600    1     43683      10.721
2022  7 17 10 48 50.230  225.2260519   74.5322361  235.6767389   -0.6788604    722.806   1733.946           14266.369              67.453         7        12   149.425171    10.264704    23.500    1     43683      10.677
2022  7 17 10 48 55.230  225.2242611   74.5320717  235.6974736   -0.6792111    722.877   1734.015           14012.854              64.667         7        12   149.424789    10.264844    23.530    1     43683      10.632
2022  7 17 10 49  0.230  225.2242684   74.5327124  235.7184302   -0.6786511    722.578   1734.139           13913.410              64.569         7        12   149.424408    10.264984    23.600    1     43683      10.279
2022  7 17 10 49  5.230  225.2234862   74.5330323  235.7393278   -0.6784607    722.729   1733.883           14879.989              72.838         7        12   149.424042    10.265131    23.630    1     43683      10.496
2022  7 17 10 49 10.230  225.2203715   74.5329294  235.7603578   -0.6790086    722.794   1733.935           14273.914              67.471         7        12   149.423660    10.265277    23.570    1     43683      10.693
2022  7 17 10 49 15.230  225.2185998   74.5337245  235.7817764   -0.6786664    722.731   1733.907           14028.613              70.217         7        12   149.423294    10.265421    23.490    1     43683      10.158
2022  7 17 10 49 20.230  225.2201537   74.5339767  235.8021665   -0.6780884    722.483   1733.813           14461.540              68.325         7        12   149.422913    10.265568    23.540    1     43683      10.624
2022  7 17 10 49 25.230  225.2164696   74.5335344  235.8230675   -0.6789880    722.702   1733.888           14294.878              70.969         7        12   149.422531    10.265711    23.600    1     43683      10.320
2022  7 17 10 49 30.230  225.2180435   74.5341342  235.8437120   -0.6781629    722.358   1733.832           15455.133              68.950         7        12   149.422165    10.265853    23.560    1     43683      10.731
2022  7 17 10 49 35.230  225.2155637   74.5341322  235.8646916   -0.6785261    722.708   1733.823           14603.351              66.319         7        12   149.421783    10.265993    23.550    1     43683      10.271
2022  7 17 10 49 40.230  225.2142177   74.5346807  235.8858415   -0.6782884    722.303   1733.858           15281.644              70.846         7        12   149.421402    10.266129    23.660    1     43683       9.984
2022  7 17 10 50 25.230  225.1989520   74.5368709  236.0749110   -0.6786811    723.739   1734.122           16062.021              68.848         8        20   149.418015    10.267371    23.590    1     43683      10.679
2022  7 17 10 50 30.230  225.1980121   74.5364966  236.0953368   -0.6790210    723.795   1734.234           15106.760              66.278         8        20   149.417633    10.267513    23.520    1     43683      10.681
2022  7 17 10 50 35.230  225.1977428   74.5374821  236.1165872   -0.6782662    723.729   1734.307           15477.115              68.881         8        20   149.417252    10.267653    23.560    1     43683      10.697
2022  7 17 10 50 40.230  225.1947985   74.5377519  236.1378605   -0.6785178    723.636   1733.976           15297.498              65.995         8        20   149.416885    10.267797    23.400    1     43683      10.693
2022  7 17 10 50 45.230  225.1932164   74.5378164  236.1587167   -0.6786649    723.783   1734.092           14693.685              66.494         8        20   149.416504    10.267938    23.640    1     43683      10.530
2022  7 17 10 50 50.230  225.1916696   74.5382866  236.1798650   -0.6785146    723.575   1734.018           15675.187              67.788         8        20   149.416138    10.268080    23.660    1     43683      10.693
2022  7 17 10 50 55.230  225.1933930   74.5387866  236.2003950   -0.6777312    723.651   1733.935           14655.948              68.657         8        20   149.415756    10.268224    23.490    1     43683      10.191
2022  7 17 10 51  0.230  225.1902742   74.5385827  236.2213563   -0.6783606    723.729   1734.016           14471.547              64.657         8        20   149.415375    10.268361    23.520    1     43683      10.681
2022  7 17 10 51  5.230  225.1881781   74.5389951  236.2425687   -0.6783598    723.467   1733.978           14816.097              66.887         8        20   149.415009    10.268497    23.520    1     43683      10.633
2022  7 17 10 51 10.230  225.1900157   74.5391434  236.2628309   -0.6778105    723.490   1733.856           15278.122              68.279         8        20   149.414627    10.268637    23.560    1     43683      10.091
2022  7 17 10 51 15.230  225.1847743   74.5392573  236.2844189   -0.6786105    723.624   1733.925           14917.361              73.005         8        20   149.414246    10.268772    23.610    1     43683      10.613
2022  7 17 10 51 20.230  225.1868259   74.5393545  236.3046196   -0.6780607    723.274   1733.823           15232.888              66.871         8        20   149.413879    10.268909    23.580    1     43683      10.612
2022  7 17 10 51 25.230  225.1834011   74.5395326  236.3259063   -0.6784771    723.602   1733.885           15431.812              70.978         8        20   149.413498    10.269043    23.530    1     43683      10.596
2022  7 17 10 51 30.230  225.1829814   74.5398520  236.3467183   -0.6782302    723.186   1733.750           14727.666              65.492         8        20   149.413116    10.269179    23.520    1     43683      10.643
2022  7 17 10 51 35.230  225.1823380   74.5397616  236.3672873   -0.6783161    723.474   1733.729           14822.629              66.836         8        20   149.412735    10.269317    23.460    1     43683      10.556
2022  7 17 10 51 40.230  225.1803973   74.5404014  236.3886291   -0.6781286    723.303   1733.889           15808.983              69.742         8        20   149.412369    10.269448    23.650    1     43683      10.343
2022  7 17 10 51 45.230  225.1784333   74.5403800  236.4094971   -0.6784112    723.033   1733.576           15582.991              67.664         8        20   149.411987    10.269586    23.530    1     43683      10.540
2022  7 17 10 51 50.230  225.1774204   74.5412345  236.4307973   -0.6778915    723.439   1733.541           16964.886              72.885         8        20   149.411606    10.269723    23.390    1     43683      10.575
2022  7 17 10 51 55.230  225.1768946   74.5409980  236.4512566   -0.6780628    723.203   1733.772           16375.033              69.704         8        20   149.411240    10.269858    23.430    1     43683      10.565
2022  7 17 10 52  0.230  225.1742746   74.5406358  236.4720113   -0.6787123    722.843   1733.537           15039.325              66.104         8        20   149.410858    10.269995    23.340    1     43683      10.573
2022  7 17 10 52 50.231  225.1629032   74.5442689  236.6819820   -0.6772220    720.813   1737.871           15559.499              72.827         6        10   149.407211    10.271401    23.000    1     43683      10.536
2022  7 17 10 52 55.231  225.1606189   74.5446028  236.7031754   -0.6773043    720.784   1737.636           15155.990              71.497         6        10   149.406845    10.271545    22.990    1     43683      10.536
2022  7 17 10 53  0.231  225.1592758   74.5442337  236.7236829   -0.6777169    720.923   1737.887           13321.695              63.593         6        10   149.406464    10.271686    22.890    1     43683      10.608
2022  7 17 10 53  5.231  225.1583734   74.5448995  236.7448440   -0.6773152    720.568   1737.881           14146.949              66.287         6        10   149.406097    10.271819    23.220    1     43683      10.036
2022  7 17 10 53 10.231  225.1550977   74.5452899  236.7662508   -0.6775369    720.765   1737.453           16866.628              76.731         6        10   149.405716    10.271968    23.080    1     43683      10.552
2022  7 17 10 53 15.231  225.1557961   74.5452130  236.7865886   -0.6773603    720.886   1737.870           14501.990              67.059         6        10   149.405350    10.272109    23.040    1     43683      10.624
2022  7 17 10 53 20.231  225.1536943   74.5457824  236.8078958   -0.6772460    720.453   1737.645           14478.358              65.866         6        10   149.404968    10.272247    23.100    1     43683      10.698
2022  7 17 10 53 25.231  225.1495409   74.5459455  236.8293260   -0.6777966    720.751   1737.253           13624.883              64.605         6        10   149.404602    10.272393    22.920    1     43683      10.189
2022  7 17 10 53 30.231  225.1508139   74.5461529  236.8497379   -0.6773116    720.686   1737.697           14798.966              67.967         6        10   149.404221    10.272532    23.130    1     43683      10.455
2022  7 17 10 53 35.231  225.1521567   74.5629057  236.8817161   -0.6649822    723.637   1737.032           40179.555             111.778         6        10   149.403854    10.272670    23.120    1     43683      10.508
2022  7 17 10 53 45.231  225.1454639   74.5470914  236.9129554   -0.6773412    720.656   1737.454           14661.179              67.584        25         9   149.403091    10.272946    23.070    1     43683       9.130
2022  7 17 10 53 50.231  225.1416485   74.5474159  236.9344340   -0.6777200    720.346   1737.078           12812.962              64.078        25         9   149.402725    10.273085    23.120    1     43683      10.346
2022  7 17 10 53 55.231  225.1420595   74.5474834  236.9549124   -0.6774977    720.591   1737.402           15011.339              68.542        25         9   149.402344    10.273222    23.180    1     43683      10.406
2022  7 17 10 54  0.231  225.1406644   74.5481547  236.9761561   -0.6771739    720.224   1737.005           14149.853              64.883        25         9   149.401962    10.273365    22.990    1     43683      10.548
2022  7 17 10 54  5.231  225.1381304   74.5481377  236.9971518   -0.6775545    720.568   1737.152           13976.762              65.544        25         9   149.401596    10.273508    23.160    1     43683      10.261
2022  7 17 10 54 10.231  225.1363090   74.5481468  237.0180150   -0.6777846    720.117   1737.081           13653.336              66.670        25         9   149.401215    10.273650    23.290    1     43683      10.549
2022  7 17 10 54 15.231  225.1361399   74.5486886  237.0389495   -0.6773222    720.496   1736.998           13217.614              63.300        25         9   149.400848    10.273796    23.130    1     43683      10.394
2022  7 17 10 54 20.231  225.1361894   74.5482196  237.0591220   -0.6775452    719.967   1737.010           12954.765              62.663        25         9   149.400467    10.273939    22.970    1     43683      10.318
2022  7 17 10 54 25.231  225.1332930   74.5488899  237.0806671   -0.6774986    720.407   1737.015           13710.619              64.712        25         9   149.400101    10.274085    23.160    1     43683      10.279